100 2999 7 44
36 3 7 8 9 10 13 14 15 19 22 23 33 37 39 43 46 48 52 55 56 60 61 65 67 69 71 74 77 82 83 84 88 89 90 91 92
30 2 8 13 18 21 24 26 32 34 40 41 44 45 46 49 52 58 59 62 65 69 72 73 75 76 81 83 91 94 95
28 7 8 13 17 18 21 28 36 45 46 47 48 49 50 55 56 60 64 68 71 73 76 82 88 90 91 92 96
23 0 6 7 8 15 17 28 29 30 32 35 41 43 46 48 54 68 70 80 82 84 88 98
22 2 14 15 18 30 31 32 37 41 43 45 47 54 61 65 68 70 73 74 76 79 98
37 7 9 12 14 16 21 22 23 24 28 32 33 37 39 44 45 49 51 52 53 55 57 63 67 68 70 73 76 78 81 82 83 84 86 89 93 99
29 1 4 5 8 10 11 13 14 18 19 21 24 29 45 48 50 59 62 66 73 76 79 80 82 85 87 91 92 99
36 0 3 4 5 12 13 15 19 21 25 26 27 35 37 39 40 41 43 46 49 53 55 58 59 62 63 69 74 76 84 86 89 92 94 98 99
33 2 3 4 5 6 7 12 14 15 18 23 26 32 33 35 37 38 42 45 48 50 52 58 67 69 76 78 80 82 83 84 91 96
26 0 10 11 15 17 18 19 33 34 40 43 44 46 49 52 59 60 61 64 65 71 74 77 82 84 86
31 3 4 9 14 18 19 27 28 29 33 34 36 43 46 47 49 50 51 53 55 57 62 63 64 66 67 71 76 88 93 98
33 1 2 6 17 18 19 20 21 32 33 37 38 42 46 51 57 58 59 61 64 65 68 70 71 75 80 86 89 92 93 94 95 98
31 0 5 14 25 27 29 30 36 47 52 55 57 58 59 60 61 62 71 75 78 79 83 84 86 88 89 90 91 93 95 96
25 5 7 10 17 20 21 22 25 33 35 43 45 54 64 66 68 75 79 85 86 87 90 91 94 97
36 0 1 5 6 8 15 16 18 19 20 22 23 25 26 31 33 36 41 42 53 55 56 57 65 66 68 70 71 77 78 81 84 87 89 97 98
31 9 10 12 16 22 24 26 28 29 31 33 34 36 38 40 41 45 48 52 55 57 63 64 67 75 86 89 93 94 98 99
22 4 12 18 21 24 45 60 61 65 72 73 74 76 79 83 85 87 90 91 92 95 97
27 2 5 9 10 11 14 26 27 28 29 30 38 40 43 46 47 49 51 53 61 62 72 79 82 93 98 99
32 1 5 7 10 12 16 17 22 24 28 30 31 33 35 46 50 55 58 61 63 67 70 71 72 73 79 80 83 88 93 95 99
22 2 9 11 13 24 29 38 43 44 51 53 55 56 66 71 81 82 83 89 90 91 96
22 5 8 15 19 21 43 45 50 51 53 68 73 74 78 79 83 87 88 89 90 97 98
21 0 4 6 9 13 14 24 26 28 37 41 42 48 49 50 61 68 70 81 90 92
25 1 6 9 12 13 15 17 20 24 27 46 50 51 65 66 67 70 72 74 83 85 87 88 90 92
24 0 2 3 4 6 7 17 29 30 33 37 43 54 59 60 61 64 66 72 80 84 89 98 99
26 5 17 19 21 22 28 31 37 45 46 56 58 59 64 65 68 74 76 81 82 85 86 89 93 95 98
30 3 6 13 15 17 19 20 23 28 34 35 36 38 43 44 46 49 53 56 61 62 64 67 68 77 78 79 86 89 93
31 0 2 4 5 6 9 10 15 16 23 28 35 37 43 49 50 58 60 61 62 65 70 72 74 76 81 86 87 94 96 97
34 1 6 7 8 12 14 16 17 18 25 26 28 30 33 34 36 39 42 51 54 55 56 58 61 62 68 75 81 83 85 86 90 91 93
26 1 9 10 11 12 13 14 16 31 35 40 41 44 49 59 62 63 66 68 69 72 85 86 89 96 99
24 10 11 13 21 25 26 30 38 39 48 54 55 56 58 61 64 73 74 79 86 89 93 97 99
32 3 5 6 14 15 16 17 22 27 28 33 34 35 36 37 38 48 53 54 68 69 70 71 78 79 83 85 89 90 93 95 99
34 2 11 18 20 21 24 25 27 30 32 34 36 43 44 49 52 54 57 61 62 65 72 75 79 80 83 86 87 89 90 92 93 96 97
39 0 3 7 9 10 13 14 15 29 34 36 37 38 40 41 44 46 47 51 53 57 63 67 68 71 72 74 75 77 79 81 82 83 84 93 95 96 98 99
32 2 5 7 8 9 10 12 21 23 24 26 27 28 35 44 51 56 58 63 65 66 67 69 72 75 77 88 90 92 94 96 99
28 2 4 7 15 16 21 24 28 29 40 41 45 48 54 58 59 60 61 70 72 77 78 79 85 88 91 94 95
31 5 6 7 10 11 13 16 17 23 26 30 31 41 42 46 50 57 58 59 64 65 71 75 76 83 86 92 94 95 98 99
26 5 8 20 24 25 33 34 35 37 39 40 46 49 53 57 67 70 74 76 81 83 86 92 94 96 98
40 0 1 4 7 8 9 12 14 16 17 18 24 27 28 31 34 36 39 40 42 43 46 47 49 50 60 61 63 64 65 66 67 68 76 79 82 89 90 93 97
30 0 2 6 11 14 19 21 23 24 30 33 40 44 63 64 67 69 71 76 77 79 82 83 87 89 91 93 95 96 98
32 0 7 9 10 11 13 14 29 32 33 37 40 41 44 45 51 58 59 65 66 67 69 70 76 77 82 87 88 89 93 95 96
35 0 5 6 12 16 18 19 20 27 28 29 31 35 41 42 44 47 50 57 58 64 65 68 69 70 72 73 80 84 85 88 90 92 96 99
34 1 3 4 7 8 11 12 13 14 18 20 23 24 27 43 46 51 55 56 57 59 63 65 68 71 74 78 80 83 85 89 91 94 98
29 4 5 10 11 13 14 15 16 23 37 39 40 43 47 50 53 59 60 61 66 68 76 77 79 80 85 94 97 98
26 2 3 8 11 12 13 16 23 27 28 44 45 47 48 49 59 64 66 67 71 74 78 80 89 94 99
34 2 3 5 8 10 11 17 18 21 24 36 38 39 43 46 48 53 56 57 66 67 70 74 76 78 80 82 87 89 93 95 97 98 99
33 5 6 7 9 12 15 16 18 21 23 24 25 28 31 36 41 43 49 55 56 57 61 66 70 73 75 79 81 89 92 94 95 97
34 0 5 7 14 15 16 18 19 23 26 27 32 36 38 40 49 50 52 57 60 62 63 68 71 72 80 83 85 87 88 89 91 94 97
27 0 2 3 12 17 18 20 22 26 35 36 57 58 64 67 68 72 73 75 76 78 80 82 92 93 96 99
30 0 5 10 11 13 15 17 24 26 27 28 32 38 40 41 44 47 52 55 60 62 66 67 68 74 81 87 89 93 95
29 7 10 14 15 16 20 21 22 24 25 28 34 35 38 40 46 62 65 73 76 80 81 85 86 88 89 91 92 99
28 3 5 12 13 16 17 21 35 36 49 51 56 58 61 62 65 68 70 71 72 76 81 88 89 90 92 94 98
33 4 6 7 9 10 12 13 17 18 20 22 25 27 31 32 33 35 37 40 46 55 58 61 70 71 74 75 78 85 93 95 97 99
22 3 6 7 10 14 15 18 28 33 37 39 42 45 54 64 76 79 84 89 93 95 98
23 1 5 6 7 9 10 17 20 21 22 23 25 33 34 39 43 44 51 56 65 81 89 99
29 7 8 9 16 17 18 21 22 26 27 29 34 36 39 42 45 57 62 67 68 73 87 88 91 93 95 96 98 99
30 0 1 4 7 12 23 25 26 27 30 39 47 52 53 56 57 58 59 60 62 63 64 68 69 72 75 77 81 93 99
28 5 6 17 22 23 25 29 32 36 38 43 47 52 59 63 64 69 79 81 84 85 87 88 89 92 93 95 96
34 4 5 7 10 14 15 18 19 32 33 36 39 40 44 46 47 48 49 56 59 63 66 68 71 74 76 80 85 86 89 91 94 96 99
32 6 13 16 26 27 32 33 37 39 41 43 44 45 46 50 52 55 60 61 70 72 73 74 77 79 80 81 83 85 91 95 97
34 2 4 5 6 13 15 20 23 24 25 29 30 31 35 37 42 50 52 55 56 65 68 70 75 76 77 78 79 85 87 88 89 94 98
31 3 7 10 14 20 21 31 32 34 35 38 45 48 51 53 56 57 61 64 69 71 72 74 77 80 81 85 86 88 90 97
30 2 4 5 8 10 12 13 18 28 41 42 44 45 46 50 51 58 68 69 74 77 79 80 81 83 86 93 95 97 99
27 0 2 3 5 9 12 13 15 19 22 23 34 36 41 46 47 57 59 71 72 74 75 78 82 87 92 97
32 6 12 18 19 20 23 27 28 33 35 37 39 44 45 50 54 55 56 58 62 65 71 75 77 81 85 86 89 90 94 96 97
35 2 4 8 11 12 14 15 17 20 21 24 27 29 30 33 35 37 38 39 40 42 43 45 47 49 57 62 63 69 72 73 77 83 84 90
27 1 6 11 13 14 22 23 34 35 37 38 40 50 52 53 57 64 66 68 70 74 75 80 81 86 87 92
26 0 8 14 15 17 18 19 21 36 43 46 47 48 50 53 56 57 58 70 71 72 73 75 80 82 91
26 0 1 3 4 16 24 25 33 35 38 40 42 47 52 55 58 59 71 74 80 83 87 90 92 94 98
33 0 3 4 9 14 17 19 21 26 29 30 35 39 45 48 58 61 65 67 70 71 73 74 75 77 79 80 81 87 94 96 97 98
39 0 1 4 7 9 13 17 18 19 20 24 26 28 29 31 33 42 43 44 45 46 49 50 58 60 62 64 66 72 74 75 78 84 86 87 89 92 93 96
29 0 1 3 5 12 13 14 17 20 24 28 33 37 38 39 48 49 51 52 55 62 64 66 69 76 81 84 87 96
39 4 5 10 11 17 18 19 20 26 33 34 35 36 37 42 48 51 54 57 58 59 62 65 67 69 70 72 74 76 77 80 81 87 90 91 93 94 95 99
36 1 2 3 5 7 14 15 18 20 21 24 27 30 35 40 41 44 48 53 55 58 65 67 70 73 75 76 81 83 86 88 90 94 95 96 97
28 4 8 10 11 19 22 23 24 26 29 36 37 38 41 43 48 55 56 57 60 61 63 69 70 83 86 87 89
26 3 5 11 14 16 21 22 23 25 27 31 32 33 36 37 46 60 61 65 69 70 71 84 90 95 99
28 0 5 7 9 18 23 25 31 32 39 40 41 45 46 49 51 53 56 58 62 64 66 76 80 83 84 89 95
33 0 6 8 10 11 18 20 30 35 36 41 45 48 50 51 53 55 60 62 63 67 69 73 74 75 82 85 89 90 92 94 95 97
30 0 4 10 17 19 20 22 25 27 29 33 34 35 37 42 44 45 46 58 60 61 63 65 67 70 71 80 83 96 98
25 0 3 12 15 16 17 22 23 30 34 45 52 58 62 63 70 72 76 81 82 86 90 92 94 95
37 9 10 11 12 13 16 22 24 25 32 33 34 35 41 42 43 44 47 49 55 56 57 61 62 68 70 74 78 81 82 83 84 87 88 89 90 97
34 0 1 3 6 9 10 11 12 13 15 16 17 19 20 28 30 31 46 48 52 54 60 68 69 70 78 81 82 83 84 86 87 91 94
29 2 6 11 12 14 15 20 23 26 31 41 44 45 46 50 63 69 71 78 83 85 87 90 92 95 96 97 98 99
33 1 2 10 11 12 14 17 19 25 26 29 37 45 46 50 51 56 57 58 61 64 65 67 71 74 84 86 92 93 94 96 97 99
31 2 9 10 11 13 20 23 26 29 34 35 37 41 44 47 49 50 56 57 60 62 67 71 74 75 78 79 81 93 95 98
31 0 2 5 12 17 18 22 24 25 34 35 42 43 47 49 54 61 62 68 71 73 74 77 80 81 83 85 87 89 93 97
36 0 1 3 4 8 10 12 14 15 21 24 25 26 27 29 33 38 40 43 47 53 55 61 62 63 64 65 72 73 76 77 78 87 88 94 97
38 3 9 13 14 19 22 23 30 35 37 40 41 43 44 46 47 50 51 52 54 55 57 63 65 66 70 79 81 82 87 88 90 92 93 94 95 97 99
33 1 2 4 6 9 13 18 21 23 24 26 30 35 37 38 39 40 44 53 55 57 58 61 62 65 68 71 74 77 86 88 90 96
23 0 1 2 4 7 17 19 20 24 27 32 34 51 59 62 64 68 75 83 84 85 92 94
31 9 12 13 15 18 19 22 25 29 36 37 38 39 44 45 48 56 61 65 66 67 70 79 84 85 88 90 92 94 96 98
29 4 10 12 14 15 19 21 25 30 32 35 36 42 45 47 50 52 53 56 62 63 66 67 68 86 92 96 97 99
34 3 10 11 15 18 20 22 24 28 35 38 44 47 54 58 62 63 64 67 74 75 76 78 82 83 85 86 87 88 89 90 93 96 98
18 3 4 7 9 10 21 24 25 31 39 45 47 54 62 64 74 84 94
30 1 3 5 6 10 11 15 16 19 20 25 26 32 33 35 36 40 42 49 58 69 74 76 78 80 81 85 94 96 98
24 0 1 4 8 27 32 33 35 36 40 45 47 49 54 65 67 72 77 80 86 90 95 96 98
29 0 6 10 14 15 17 19 22 27 34 36 38 41 42 47 49 50 53 54 56 63 65 70 82 83 85 87 89 92
30 0 1 4 5 6 12 15 25 26 27 35 38 40 43 49 50 53 54 59 62 66 68 72 77 79 80 85 89 90 94
29 0 6 8 9 12 15 20 22 24 28 29 30 40 41 43 45 54 59 60 65 68 69 71 73 75 76 81 86 96
27 6 8 10 15 20 21 24 29 30 31 32 33 41 46 59 65 66 69 76 78 85 89 90 91 92 95 97
32 1 5 6 8 16 21 22 24 28 30 32 38 39 42 43 44 47 50 53 57 58 60 61 63 64 65 67 70 76 85 86 90
