8000 15998 0 7999
1 1
2 2 0
2 3 1
2 4 2
2 5 3
2 6 4
2 7 5
2 8 6
2 9 7
2 10 8
2 11 9
2 12 10
2 13 11
2 14 12
2 15 13
2 16 14
2 17 15
2 18 16
2 19 17
2 20 18
2 21 19
2 22 20
2 23 21
2 24 22
2 25 23
2 26 24
2 27 25
2 28 26
2 29 27
2 30 28
2 31 29
2 32 30
2 33 31
2 34 32
2 35 33
2 36 34
2 37 35
2 38 36
2 39 37
2 40 38
2 41 39
2 42 40
2 43 41
2 44 42
2 45 43
2 46 44
2 47 45
2 48 46
2 49 47
2 50 48
2 51 49
2 52 50
2 53 51
2 54 52
2 55 53
2 56 54
2 57 55
2 58 56
2 59 57
2 60 58
2 61 59
2 62 60
2 63 61
2 64 62
2 65 63
2 66 64
2 67 65
2 68 66
2 69 67
2 70 68
2 71 69
2 72 70
2 73 71
2 74 72
2 75 73
2 76 74
2 77 75
2 78 76
2 79 77
2 80 78
2 81 79
2 82 80
2 83 81
2 84 82
2 85 83
2 86 84
2 87 85
2 88 86
2 89 87
2 90 88
2 91 89
2 92 90
2 93 91
2 94 92
2 95 93
2 96 94
2 97 95
2 98 96
2 99 97
2 100 98
2 101 99
2 102 100
2 103 101
2 104 102
2 105 103
2 106 104
2 107 105
2 108 106
2 109 107
2 110 108
2 111 109
2 112 110
2 113 111
2 114 112
2 115 113
2 116 114
2 117 115
2 118 116
2 119 117
2 120 118
2 121 119
2 122 120
2 123 121
2 124 122
2 125 123
2 126 124
2 127 125
2 128 126
2 129 127
2 130 128
2 131 129
2 132 130
2 133 131
2 134 132
2 135 133
2 136 134
2 137 135
2 138 136
2 139 137
2 140 138
2 141 139
2 142 140
2 143 141
2 144 142
2 145 143
2 146 144
2 147 145
2 148 146
2 149 147
2 150 148
2 151 149
2 152 150
2 153 151
2 154 152
2 155 153
2 156 154
2 157 155
2 158 156
2 159 157
2 160 158
2 161 159
2 162 160
2 163 161
2 164 162
2 165 163
2 166 164
2 167 165
2 168 166
2 169 167
2 170 168
2 171 169
2 172 170
2 173 171
2 174 172
2 175 173
2 176 174
2 177 175
2 178 176
2 179 177
2 180 178
2 181 179
2 182 180
2 183 181
2 184 182
2 185 183
2 186 184
2 187 185
2 188 186
2 189 187
2 190 188
2 191 189
2 192 190
2 193 191
2 194 192
2 195 193
2 196 194
2 197 195
2 198 196
2 199 197
2 200 198
2 201 199
2 202 200
2 203 201
2 204 202
2 205 203
2 206 204
2 207 205
2 208 206
2 209 207
2 210 208
2 211 209
2 212 210
2 213 211
2 214 212
2 215 213
2 216 214
2 217 215
2 218 216
2 219 217
2 220 218
2 221 219
2 222 220
2 223 221
2 224 222
2 225 223
2 226 224
2 227 225
2 228 226
2 229 227
2 230 228
2 231 229
2 232 230
2 233 231
2 234 232
2 235 233
2 236 234
2 237 235
2 238 236
2 239 237
2 240 238
2 241 239
2 242 240
2 243 241
2 244 242
2 245 243
2 246 244
2 247 245
2 248 246
2 249 247
2 250 248
2 251 249
2 252 250
2 253 251
2 254 252
2 255 253
2 256 254
2 257 255
2 258 256
2 259 257
2 260 258
2 261 259
2 262 260
2 263 261
2 264 262
2 265 263
2 266 264
2 267 265
2 268 266
2 269 267
2 270 268
2 271 269
2 272 270
2 273 271
2 274 272
2 275 273
2 276 274
2 277 275
2 278 276
2 279 277
2 280 278
2 281 279
2 282 280
2 283 281
2 284 282
2 285 283
2 286 284
2 287 285
2 288 286
2 289 287
2 290 288
2 291 289
2 292 290
2 293 291
2 294 292
2 295 293
2 296 294
2 297 295
2 298 296
2 299 297
2 300 298
2 301 299
2 302 300
2 303 301
2 304 302
2 305 303
2 306 304
2 307 305
2 308 306
2 309 307
2 310 308
2 311 309
2 312 310
2 313 311
2 314 312
2 315 313
2 316 314
2 317 315
2 318 316
2 319 317
2 320 318
2 321 319
2 322 320
2 323 321
2 324 322
2 325 323
2 326 324
2 327 325
2 328 326
2 329 327
2 330 328
2 331 329
2 332 330
2 333 331
2 334 332
2 335 333
2 336 334
2 337 335
2 338 336
2 339 337
2 340 338
2 341 339
2 342 340
2 343 341
2 344 342
2 345 343
2 346 344
2 347 345
2 348 346
2 349 347
2 350 348
2 351 349
2 352 350
2 353 351
2 354 352
2 355 353
2 356 354
2 357 355
2 358 356
2 359 357
2 360 358
2 361 359
2 362 360
2 363 361
2 364 362
2 365 363
2 366 364
2 367 365
2 368 366
2 369 367
2 370 368
2 371 369
2 372 370
2 373 371
2 374 372
2 375 373
2 376 374
2 377 375
2 378 376
2 379 377
2 380 378
2 381 379
2 382 380
2 383 381
2 384 382
2 385 383
2 386 384
2 387 385
2 388 386
2 389 387
2 390 388
2 391 389
2 392 390
2 393 391
2 394 392
2 395 393
2 396 394
2 397 395
2 398 396
2 399 397
2 400 398
2 401 399
2 402 400
2 403 401
2 404 402
2 405 403
2 406 404
2 407 405
2 408 406
2 409 407
2 410 408
2 411 409
2 412 410
2 413 411
2 414 412
2 415 413
2 416 414
2 417 415
2 418 416
2 419 417
2 420 418
2 421 419
2 422 420
2 423 421
2 424 422
2 425 423
2 426 424
2 427 425
2 428 426
2 429 427
2 430 428
2 431 429
2 432 430
2 433 431
2 434 432
2 435 433
2 436 434
2 437 435
2 438 436
2 439 437
2 440 438
2 441 439
2 442 440
2 443 441
2 444 442
2 445 443
2 446 444
2 447 445
2 448 446
2 449 447
2 450 448
2 451 449
2 452 450
2 453 451
2 454 452
2 455 453
2 456 454
2 457 455
2 458 456
2 459 457
2 460 458
2 461 459
2 462 460
2 463 461
2 464 462
2 465 463
2 466 464
2 467 465
2 468 466
2 469 467
2 470 468
2 471 469
2 472 470
2 473 471
2 474 472
2 475 473
2 476 474
2 477 475
2 478 476
2 479 477
2 480 478
2 481 479
2 482 480
2 483 481
2 484 482
2 485 483
2 486 484
2 487 485
2 488 486
2 489 487
2 490 488
2 491 489
2 492 490
2 493 491
2 494 492
2 495 493
2 496 494
2 497 495
2 498 496
2 499 497
2 500 498
2 501 499
2 502 500
2 503 501
2 504 502
2 505 503
2 506 504
2 507 505
2 508 506
2 509 507
2 510 508
2 511 509
2 512 510
2 513 511
2 514 512
2 515 513
2 516 514
2 517 515
2 518 516
2 519 517
2 520 518
2 521 519
2 522 520
2 523 521
2 524 522
2 525 523
2 526 524
2 527 525
2 528 526
2 529 527
2 530 528
2 531 529
2 532 530
2 533 531
2 534 532
2 535 533
2 536 534
2 537 535
2 538 536
2 539 537
2 540 538
2 541 539
2 542 540
2 543 541
2 544 542
2 545 543
2 546 544
2 547 545
2 548 546
2 549 547
2 550 548
2 551 549
2 552 550
2 553 551
2 554 552
2 555 553
2 556 554
2 557 555
2 558 556
2 559 557
2 560 558
2 561 559
2 562 560
2 563 561
2 564 562
2 565 563
2 566 564
2 567 565
2 568 566
2 569 567
2 570 568
2 571 569
2 572 570
2 573 571
2 574 572
2 575 573
2 576 574
2 577 575
2 578 576
2 579 577
2 580 578
2 581 579
2 582 580
2 583 581
2 584 582
2 585 583
2 586 584
2 587 585
2 588 586
2 589 587
2 590 588
2 591 589
2 592 590
2 593 591
2 594 592
2 595 593
2 596 594
2 597 595
2 598 596
2 599 597
2 600 598
2 601 599
2 602 600
2 603 601
2 604 602
2 605 603
2 606 604
2 607 605
2 608 606
2 609 607
2 610 608
2 611 609
2 612 610
2 613 611
2 614 612
2 615 613
2 616 614
2 617 615
2 618 616
2 619 617
2 620 618
2 621 619
2 622 620
2 623 621
2 624 622
2 625 623
2 626 624
2 627 625
2 628 626
2 629 627
2 630 628
2 631 629
2 632 630
2 633 631
2 634 632
2 635 633
2 636 634
2 637 635
2 638 636
2 639 637
2 640 638
2 641 639
2 642 640
2 643 641
2 644 642
2 645 643
2 646 644
2 647 645
2 648 646
2 649 647
2 650 648
2 651 649
2 652 650
2 653 651
2 654 652
2 655 653
2 656 654
2 657 655
2 658 656
2 659 657
2 660 658
2 661 659
2 662 660
2 663 661
2 664 662
2 665 663
2 666 664
2 667 665
2 668 666
2 669 667
2 670 668
2 671 669
2 672 670
2 673 671
2 674 672
2 675 673
2 676 674
2 677 675
2 678 676
2 679 677
2 680 678
2 681 679
2 682 680
2 683 681
2 684 682
2 685 683
2 686 684
2 687 685
2 688 686
2 689 687
2 690 688
2 691 689
2 692 690
2 693 691
2 694 692
2 695 693
2 696 694
2 697 695
2 698 696
2 699 697
2 700 698
2 701 699
2 702 700
2 703 701
2 704 702
2 705 703
2 706 704
2 707 705
2 708 706
2 709 707
2 710 708
2 711 709
2 712 710
2 713 711
2 714 712
2 715 713
2 716 714
2 717 715
2 718 716
2 719 717
2 720 718
2 721 719
2 722 720
2 723 721
2 724 722
2 725 723
2 726 724
2 727 725
2 728 726
2 729 727
2 730 728
2 731 729
2 732 730
2 733 731
2 734 732
2 735 733
2 736 734
2 737 735
2 738 736
2 739 737
2 740 738
2 741 739
2 742 740
2 743 741
2 744 742
2 745 743
2 746 744
2 747 745
2 748 746
2 749 747
2 750 748
2 751 749
2 752 750
2 753 751
2 754 752
2 755 753
2 756 754
2 757 755
2 758 756
2 759 757
2 760 758
2 761 759
2 762 760
2 763 761
2 764 762
2 765 763
2 766 764
2 767 765
2 768 766
2 769 767
2 770 768
2 771 769
2 772 770
2 773 771
2 774 772
2 775 773
2 776 774
2 777 775
2 778 776
2 779 777
2 780 778
2 781 779
2 782 780
2 783 781
2 784 782
2 785 783
2 786 784
2 787 785
2 788 786
2 789 787
2 790 788
2 791 789
2 792 790
2 793 791
2 794 792
2 795 793
2 796 794
2 797 795
2 798 796
2 799 797
2 800 798
2 801 799
2 802 800
2 803 801
2 804 802
2 805 803
2 806 804
2 807 805
2 808 806
2 809 807
2 810 808
2 811 809
2 812 810
2 813 811
2 814 812
2 815 813
2 816 814
2 817 815
2 818 816
2 819 817
2 820 818
2 821 819
2 822 820
2 823 821
2 824 822
2 825 823
2 826 824
2 827 825
2 828 826
2 829 827
2 830 828
2 831 829
2 832 830
2 833 831
2 834 832
2 835 833
2 836 834
2 837 835
2 838 836
2 839 837
2 840 838
2 841 839
2 842 840
2 843 841
2 844 842
2 845 843
2 846 844
2 847 845
2 848 846
2 849 847
2 850 848
2 851 849
2 852 850
2 853 851
2 854 852
2 855 853
2 856 854
2 857 855
2 858 856
2 859 857
2 860 858
2 861 859
2 862 860
2 863 861
2 864 862
2 865 863
2 866 864
2 867 865
2 868 866
2 869 867
2 870 868
2 871 869
2 872 870
2 873 871
2 874 872
2 875 873
2 876 874
2 877 875
2 878 876
2 879 877
2 880 878
2 881 879
2 882 880
2 883 881
2 884 882
2 885 883
2 886 884
2 887 885
2 888 886
2 889 887
2 890 888
2 891 889
2 892 890
2 893 891
2 894 892
2 895 893
2 896 894
2 897 895
2 898 896
2 899 897
2 900 898
2 901 899
2 902 900
2 903 901
2 904 902
2 905 903
2 906 904
2 907 905
2 908 906
2 909 907
2 910 908
2 911 909
2 912 910
2 913 911
2 914 912
2 915 913
2 916 914
2 917 915
2 918 916
2 919 917
2 920 918
2 921 919
2 922 920
2 923 921
2 924 922
2 925 923
2 926 924
2 927 925
2 928 926
2 929 927
2 930 928
2 931 929
2 932 930
2 933 931
2 934 932
2 935 933
2 936 934
2 937 935
2 938 936
2 939 937
2 940 938
2 941 939
2 942 940
2 943 941
2 944 942
2 945 943
2 946 944
2 947 945
2 948 946
2 949 947
2 950 948
2 951 949
2 952 950
2 953 951
2 954 952
2 955 953
2 956 954
2 957 955
2 958 956
2 959 957
2 960 958
2 961 959
2 962 960
2 963 961
2 964 962
2 965 963
2 966 964
2 967 965
2 968 966
2 969 967
2 970 968
2 971 969
2 972 970
2 973 971
2 974 972
2 975 973
2 976 974
2 977 975
2 978 976
2 979 977
2 980 978
2 981 979
2 982 980
2 983 981
2 984 982
2 985 983
2 986 984
2 987 985
2 988 986
2 989 987
2 990 988
2 991 989
2 992 990
2 993 991
2 994 992
2 995 993
2 996 994
2 997 995
2 998 996
2 999 997
2 1000 998
2 1001 999
2 1002 1000
2 1003 1001
2 1004 1002
2 1005 1003
2 1006 1004
2 1007 1005
2 1008 1006
2 1009 1007
2 1010 1008
2 1011 1009
2 1012 1010
2 1013 1011
2 1014 1012
2 1015 1013
2 1016 1014
2 1017 1015
2 1018 1016
2 1019 1017
2 1020 1018
2 1021 1019
2 1022 1020
2 1023 1021
2 1024 1022
2 1025 1023
2 1026 1024
2 1027 1025
2 1028 1026
2 1029 1027
2 1030 1028
2 1031 1029
2 1032 1030
2 1033 1031
2 1034 1032
2 1035 1033
2 1036 1034
2 1037 1035
2 1038 1036
2 1039 1037
2 1040 1038
2 1041 1039
2 1042 1040
2 1043 1041
2 1044 1042
2 1045 1043
2 1046 1044
2 1047 1045
2 1048 1046
2 1049 1047
2 1050 1048
2 1051 1049
2 1052 1050
2 1053 1051
2 1054 1052
2 1055 1053
2 1056 1054
2 1057 1055
2 1058 1056
2 1059 1057
2 1060 1058
2 1061 1059
2 1062 1060
2 1063 1061
2 1064 1062
2 1065 1063
2 1066 1064
2 1067 1065
2 1068 1066
2 1069 1067
2 1070 1068
2 1071 1069
2 1072 1070
2 1073 1071
2 1074 1072
2 1075 1073
2 1076 1074
2 1077 1075
2 1078 1076
2 1079 1077
2 1080 1078
2 1081 1079
2 1082 1080
2 1083 1081
2 1084 1082
2 1085 1083
2 1086 1084
2 1087 1085
2 1088 1086
2 1089 1087
2 1090 1088
2 1091 1089
2 1092 1090
2 1093 1091
2 1094 1092
2 1095 1093
2 1096 1094
2 1097 1095
2 1098 1096
2 1099 1097
2 1100 1098
2 1101 1099
2 1102 1100
2 1103 1101
2 1104 1102
2 1105 1103
2 1106 1104
2 1107 1105
2 1108 1106
2 1109 1107
2 1110 1108
2 1111 1109
2 1112 1110
2 1113 1111
2 1114 1112
2 1115 1113
2 1116 1114
2 1117 1115
2 1118 1116
2 1119 1117
2 1120 1118
2 1121 1119
2 1122 1120
2 1123 1121
2 1124 1122
2 1125 1123
2 1126 1124
2 1127 1125
2 1128 1126
2 1129 1127
2 1130 1128
2 1131 1129
2 1132 1130
2 1133 1131
2 1134 1132
2 1135 1133
2 1136 1134
2 1137 1135
2 1138 1136
2 1139 1137
2 1140 1138
2 1141 1139
2 1142 1140
2 1143 1141
2 1144 1142
2 1145 1143
2 1146 1144
2 1147 1145
2 1148 1146
2 1149 1147
2 1150 1148
2 1151 1149
2 1152 1150
2 1153 1151
2 1154 1152
2 1155 1153
2 1156 1154
2 1157 1155
2 1158 1156
2 1159 1157
2 1160 1158
2 1161 1159
2 1162 1160
2 1163 1161
2 1164 1162
2 1165 1163
2 1166 1164
2 1167 1165
2 1168 1166
2 1169 1167
2 1170 1168
2 1171 1169
2 1172 1170
2 1173 1171
2 1174 1172
2 1175 1173
2 1176 1174
2 1177 1175
2 1178 1176
2 1179 1177
2 1180 1178
2 1181 1179
2 1182 1180
2 1183 1181
2 1184 1182
2 1185 1183
2 1186 1184
2 1187 1185
2 1188 1186
2 1189 1187
2 1190 1188
2 1191 1189
2 1192 1190
2 1193 1191
2 1194 1192
2 1195 1193
2 1196 1194
2 1197 1195
2 1198 1196
2 1199 1197
2 1200 1198
2 1201 1199
2 1202 1200
2 1203 1201
2 1204 1202
2 1205 1203
2 1206 1204
2 1207 1205
2 1208 1206
2 1209 1207
2 1210 1208
2 1211 1209
2 1212 1210
2 1213 1211
2 1214 1212
2 1215 1213
2 1216 1214
2 1217 1215
2 1218 1216
2 1219 1217
2 1220 1218
2 1221 1219
2 1222 1220
2 1223 1221
2 1224 1222
2 1225 1223
2 1226 1224
2 1227 1225
2 1228 1226
2 1229 1227
2 1230 1228
2 1231 1229
2 1232 1230
2 1233 1231
2 1234 1232
2 1235 1233
2 1236 1234
2 1237 1235
2 1238 1236
2 1239 1237
2 1240 1238
2 1241 1239
2 1242 1240
2 1243 1241
2 1244 1242
2 1245 1243
2 1246 1244
2 1247 1245
2 1248 1246
2 1249 1247
2 1250 1248
2 1251 1249
2 1252 1250
2 1253 1251
2 1254 1252
2 1255 1253
2 1256 1254
2 1257 1255
2 1258 1256
2 1259 1257
2 1260 1258
2 1261 1259
2 1262 1260
2 1263 1261
2 1264 1262
2 1265 1263
2 1266 1264
2 1267 1265
2 1268 1266
2 1269 1267
2 1270 1268
2 1271 1269
2 1272 1270
2 1273 1271
2 1274 1272
2 1275 1273
2 1276 1274
2 1277 1275
2 1278 1276
2 1279 1277
2 1280 1278
2 1281 1279
2 1282 1280
2 1283 1281
2 1284 1282
2 1285 1283
2 1286 1284
2 1287 1285
2 1288 1286
2 1289 1287
2 1290 1288
2 1291 1289
2 1292 1290
2 1293 1291
2 1294 1292
2 1295 1293
2 1296 1294
2 1297 1295
2 1298 1296
2 1299 1297
2 1300 1298
2 1301 1299
2 1302 1300
2 1303 1301
2 1304 1302
2 1305 1303
2 1306 1304
2 1307 1305
2 1308 1306
2 1309 1307
2 1310 1308
2 1311 1309
2 1312 1310
2 1313 1311
2 1314 1312
2 1315 1313
2 1316 1314
2 1317 1315
2 1318 1316
2 1319 1317
2 1320 1318
2 1321 1319
2 1322 1320
2 1323 1321
2 1324 1322
2 1325 1323
2 1326 1324
2 1327 1325
2 1328 1326
2 1329 1327
2 1330 1328
2 1331 1329
2 1332 1330
2 1333 1331
2 1334 1332
2 1335 1333
2 1336 1334
2 1337 1335
2 1338 1336
2 1339 1337
2 1340 1338
2 1341 1339
2 1342 1340
2 1343 1341
2 1344 1342
2 1345 1343
2 1346 1344
2 1347 1345
2 1348 1346
2 1349 1347
2 1350 1348
2 1351 1349
2 1352 1350
2 1353 1351
2 1354 1352
2 1355 1353
2 1356 1354
2 1357 1355
2 1358 1356
2 1359 1357
2 1360 1358
2 1361 1359
2 1362 1360
2 1363 1361
2 1364 1362
2 1365 1363
2 1366 1364
2 1367 1365
2 1368 1366
2 1369 1367
2 1370 1368
2 1371 1369
2 1372 1370
2 1373 1371
2 1374 1372
2 1375 1373
2 1376 1374
2 1377 1375
2 1378 1376
2 1379 1377
2 1380 1378
2 1381 1379
2 1382 1380
2 1383 1381
2 1384 1382
2 1385 1383
2 1386 1384
2 1387 1385
2 1388 1386
2 1389 1387
2 1390 1388
2 1391 1389
2 1392 1390
2 1393 1391
2 1394 1392
2 1395 1393
2 1396 1394
2 1397 1395
2 1398 1396
2 1399 1397
2 1400 1398
2 1401 1399
2 1402 1400
2 1403 1401
2 1404 1402
2 1405 1403
2 1406 1404
2 1407 1405
2 1408 1406
2 1409 1407
2 1410 1408
2 1411 1409
2 1412 1410
2 1413 1411
2 1414 1412
2 1415 1413
2 1416 1414
2 1417 1415
2 1418 1416
2 1419 1417
2 1420 1418
2 1421 1419
2 1422 1420
2 1423 1421
2 1424 1422
2 1425 1423
2 1426 1424
2 1427 1425
2 1428 1426
2 1429 1427
2 1430 1428
2 1431 1429
2 1432 1430
2 1433 1431
2 1434 1432
2 1435 1433
2 1436 1434
2 1437 1435
2 1438 1436
2 1439 1437
2 1440 1438
2 1441 1439
2 1442 1440
2 1443 1441
2 1444 1442
2 1445 1443
2 1446 1444
2 1447 1445
2 1448 1446
2 1449 1447
2 1450 1448
2 1451 1449
2 1452 1450
2 1453 1451
2 1454 1452
2 1455 1453
2 1456 1454
2 1457 1455
2 1458 1456
2 1459 1457
2 1460 1458
2 1461 1459
2 1462 1460
2 1463 1461
2 1464 1462
2 1465 1463
2 1466 1464
2 1467 1465
2 1468 1466
2 1469 1467
2 1470 1468
2 1471 1469
2 1472 1470
2 1473 1471
2 1474 1472
2 1475 1473
2 1476 1474
2 1477 1475
2 1478 1476
2 1479 1477
2 1480 1478
2 1481 1479
2 1482 1480
2 1483 1481
2 1484 1482
2 1485 1483
2 1486 1484
2 1487 1485
2 1488 1486
2 1489 1487
2 1490 1488
2 1491 1489
2 1492 1490
2 1493 1491
2 1494 1492
2 1495 1493
2 1496 1494
2 1497 1495
2 1498 1496
2 1499 1497
2 1500 1498
2 1501 1499
2 1502 1500
2 1503 1501
2 1504 1502
2 1505 1503
2 1506 1504
2 1507 1505
2 1508 1506
2 1509 1507
2 1510 1508
2 1511 1509
2 1512 1510
2 1513 1511
2 1514 1512
2 1515 1513
2 1516 1514
2 1517 1515
2 1518 1516
2 1519 1517
2 1520 1518
2 1521 1519
2 1522 1520
2 1523 1521
2 1524 1522
2 1525 1523
2 1526 1524
2 1527 1525
2 1528 1526
2 1529 1527
2 1530 1528
2 1531 1529
2 1532 1530
2 1533 1531
2 1534 1532
2 1535 1533
2 1536 1534
2 1537 1535
2 1538 1536
2 1539 1537
2 1540 1538
2 1541 1539
2 1542 1540
2 1543 1541
2 1544 1542
2 1545 1543
2 1546 1544
2 1547 1545
2 1548 1546
2 1549 1547
2 1550 1548
2 1551 1549
2 1552 1550
2 1553 1551
2 1554 1552
2 1555 1553
2 1556 1554
2 1557 1555
2 1558 1556
2 1559 1557
2 1560 1558
2 1561 1559
2 1562 1560
2 1563 1561
2 1564 1562
2 1565 1563
2 1566 1564
2 1567 1565
2 1568 1566
2 1569 1567
2 1570 1568
2 1571 1569
2 1572 1570
2 1573 1571
2 1574 1572
2 1575 1573
2 1576 1574
2 1577 1575
2 1578 1576
2 1579 1577
2 1580 1578
2 1581 1579
2 1582 1580
2 1583 1581
2 1584 1582
2 1585 1583
2 1586 1584
2 1587 1585
2 1588 1586
2 1589 1587
2 1590 1588
2 1591 1589
2 1592 1590
2 1593 1591
2 1594 1592
2 1595 1593
2 1596 1594
2 1597 1595
2 1598 1596
2 1599 1597
2 1600 1598
2 1601 1599
2 1602 1600
2 1603 1601
2 1604 1602
2 1605 1603
2 1606 1604
2 1607 1605
2 1608 1606
2 1609 1607
2 1610 1608
2 1611 1609
2 1612 1610
2 1613 1611
2 1614 1612
2 1615 1613
2 1616 1614
2 1617 1615
2 1618 1616
2 1619 1617
2 1620 1618
2 1621 1619
2 1622 1620
2 1623 1621
2 1624 1622
2 1625 1623
2 1626 1624
2 1627 1625
2 1628 1626
2 1629 1627
2 1630 1628
2 1631 1629
2 1632 1630
2 1633 1631
2 1634 1632
2 1635 1633
2 1636 1634
2 1637 1635
2 1638 1636
2 1639 1637
2 1640 1638
2 1641 1639
2 1642 1640
2 1643 1641
2 1644 1642
2 1645 1643
2 1646 1644
2 1647 1645
2 1648 1646
2 1649 1647
2 1650 1648
2 1651 1649
2 1652 1650
2 1653 1651
2 1654 1652
2 1655 1653
2 1656 1654
2 1657 1655
2 1658 1656
2 1659 1657
2 1660 1658
2 1661 1659
2 1662 1660
2 1663 1661
2 1664 1662
2 1665 1663
2 1666 1664
2 1667 1665
2 1668 1666
2 1669 1667
2 1670 1668
2 1671 1669
2 1672 1670
2 1673 1671
2 1674 1672
2 1675 1673
2 1676 1674
2 1677 1675
2 1678 1676
2 1679 1677
2 1680 1678
2 1681 1679
2 1682 1680
2 1683 1681
2 1684 1682
2 1685 1683
2 1686 1684
2 1687 1685
2 1688 1686
2 1689 1687
2 1690 1688
2 1691 1689
2 1692 1690
2 1693 1691
2 1694 1692
2 1695 1693
2 1696 1694
2 1697 1695
2 1698 1696
2 1699 1697
2 1700 1698
2 1701 1699
2 1702 1700
2 1703 1701
2 1704 1702
2 1705 1703
2 1706 1704
2 1707 1705
2 1708 1706
2 1709 1707
2 1710 1708
2 1711 1709
2 1712 1710
2 1713 1711
2 1714 1712
2 1715 1713
2 1716 1714
2 1717 1715
2 1718 1716
2 1719 1717
2 1720 1718
2 1721 1719
2 1722 1720
2 1723 1721
2 1724 1722
2 1725 1723
2 1726 1724
2 1727 1725
2 1728 1726
2 1729 1727
2 1730 1728
2 1731 1729
2 1732 1730
2 1733 1731
2 1734 1732
2 1735 1733
2 1736 1734
2 1737 1735
2 1738 1736
2 1739 1737
2 1740 1738
2 1741 1739
2 1742 1740
2 1743 1741
2 1744 1742
2 1745 1743
2 1746 1744
2 1747 1745
2 1748 1746
2 1749 1747
2 1750 1748
2 1751 1749
2 1752 1750
2 1753 1751
2 1754 1752
2 1755 1753
2 1756 1754
2 1757 1755
2 1758 1756
2 1759 1757
2 1760 1758
2 1761 1759
2 1762 1760
2 1763 1761
2 1764 1762
2 1765 1763
2 1766 1764
2 1767 1765
2 1768 1766
2 1769 1767
2 1770 1768
2 1771 1769
2 1772 1770
2 1773 1771
2 1774 1772
2 1775 1773
2 1776 1774
2 1777 1775
2 1778 1776
2 1779 1777
2 1780 1778
2 1781 1779
2 1782 1780
2 1783 1781
2 1784 1782
2 1785 1783
2 1786 1784
2 1787 1785
2 1788 1786
2 1789 1787
2 1790 1788
2 1791 1789
2 1792 1790
2 1793 1791
2 1794 1792
2 1795 1793
2 1796 1794
2 1797 1795
2 1798 1796
2 1799 1797
2 1800 1798
2 1801 1799
2 1802 1800
2 1803 1801
2 1804 1802
2 1805 1803
2 1806 1804
2 1807 1805
2 1808 1806
2 1809 1807
2 1810 1808
2 1811 1809
2 1812 1810
2 1813 1811
2 1814 1812
2 1815 1813
2 1816 1814
2 1817 1815
2 1818 1816
2 1819 1817
2 1820 1818
2 1821 1819
2 1822 1820
2 1823 1821
2 1824 1822
2 1825 1823
2 1826 1824
2 1827 1825
2 1828 1826
2 1829 1827
2 1830 1828
2 1831 1829
2 1832 1830
2 1833 1831
2 1834 1832
2 1835 1833
2 1836 1834
2 1837 1835
2 1838 1836
2 1839 1837
2 1840 1838
2 1841 1839
2 1842 1840
2 1843 1841
2 1844 1842
2 1845 1843
2 1846 1844
2 1847 1845
2 1848 1846
2 1849 1847
2 1850 1848
2 1851 1849
2 1852 1850
2 1853 1851
2 1854 1852
2 1855 1853
2 1856 1854
2 1857 1855
2 1858 1856
2 1859 1857
2 1860 1858
2 1861 1859
2 1862 1860
2 1863 1861
2 1864 1862
2 1865 1863
2 1866 1864
2 1867 1865
2 1868 1866
2 1869 1867
2 1870 1868
2 1871 1869
2 1872 1870
2 1873 1871
2 1874 1872
2 1875 1873
2 1876 1874
2 1877 1875
2 1878 1876
2 1879 1877
2 1880 1878
2 1881 1879
2 1882 1880
2 1883 1881
2 1884 1882
2 1885 1883
2 1886 1884
2 1887 1885
2 1888 1886
2 1889 1887
2 1890 1888
2 1891 1889
2 1892 1890
2 1893 1891
2 1894 1892
2 1895 1893
2 1896 1894
2 1897 1895
2 1898 1896
2 1899 1897
2 1900 1898
2 1901 1899
2 1902 1900
2 1903 1901
2 1904 1902
2 1905 1903
2 1906 1904
2 1907 1905
2 1908 1906
2 1909 1907
2 1910 1908
2 1911 1909
2 1912 1910
2 1913 1911
2 1914 1912
2 1915 1913
2 1916 1914
2 1917 1915
2 1918 1916
2 1919 1917
2 1920 1918
2 1921 1919
2 1922 1920
2 1923 1921
2 1924 1922
2 1925 1923
2 1926 1924
2 1927 1925
2 1928 1926
2 1929 1927
2 1930 1928
2 1931 1929
2 1932 1930
2 1933 1931
2 1934 1932
2 1935 1933
2 1936 1934
2 1937 1935
2 1938 1936
2 1939 1937
2 1940 1938
2 1941 1939
2 1942 1940
2 1943 1941
2 1944 1942
2 1945 1943
2 1946 1944
2 1947 1945
2 1948 1946
2 1949 1947
2 1950 1948
2 1951 1949
2 1952 1950
2 1953 1951
2 1954 1952
2 1955 1953
2 1956 1954
2 1957 1955
2 1958 1956
2 1959 1957
2 1960 1958
2 1961 1959
2 1962 1960
2 1963 1961
2 1964 1962
2 1965 1963
2 1966 1964
2 1967 1965
2 1968 1966
2 1969 1967
2 1970 1968
2 1971 1969
2 1972 1970
2 1973 1971
2 1974 1972
2 1975 1973
2 1976 1974
2 1977 1975
2 1978 1976
2 1979 1977
2 1980 1978
2 1981 1979
2 1982 1980
2 1983 1981
2 1984 1982
2 1985 1983
2 1986 1984
2 1987 1985
2 1988 1986
2 1989 1987
2 1990 1988
2 1991 1989
2 1992 1990
2 1993 1991
2 1994 1992
2 1995 1993
2 1996 1994
2 1997 1995
2 1998 1996
2 1999 1997
2 2000 1998
2 2001 1999
2 2002 2000
2 2003 2001
2 2004 2002
2 2005 2003
2 2006 2004
2 2007 2005
2 2008 2006
2 2009 2007
2 2010 2008
2 2011 2009
2 2012 2010
2 2013 2011
2 2014 2012
2 2015 2013
2 2016 2014
2 2017 2015
2 2018 2016
2 2019 2017
2 2020 2018
2 2021 2019
2 2022 2020
2 2023 2021
2 2024 2022
2 2025 2023
2 2026 2024
2 2027 2025
2 2028 2026
2 2029 2027
2 2030 2028
2 2031 2029
2 2032 2030
2 2033 2031
2 2034 2032
2 2035 2033
2 2036 2034
2 2037 2035
2 2038 2036
2 2039 2037
2 2040 2038
2 2041 2039
2 2042 2040
2 2043 2041
2 2044 2042
2 2045 2043
2 2046 2044
2 2047 2045
2 2048 2046
2 2049 2047
2 2050 2048
2 2051 2049
2 2052 2050
2 2053 2051
2 2054 2052
2 2055 2053
2 2056 2054
2 2057 2055
2 2058 2056
2 2059 2057
2 2060 2058
2 2061 2059
2 2062 2060
2 2063 2061
2 2064 2062
2 2065 2063
2 2066 2064
2 2067 2065
2 2068 2066
2 2069 2067
2 2070 2068
2 2071 2069
2 2072 2070
2 2073 2071
2 2074 2072
2 2075 2073
2 2076 2074
2 2077 2075
2 2078 2076
2 2079 2077
2 2080 2078
2 2081 2079
2 2082 2080
2 2083 2081
2 2084 2082
2 2085 2083
2 2086 2084
2 2087 2085
2 2088 2086
2 2089 2087
2 2090 2088
2 2091 2089
2 2092 2090
2 2093 2091
2 2094 2092
2 2095 2093
2 2096 2094
2 2097 2095
2 2098 2096
2 2099 2097
2 2100 2098
2 2101 2099
2 2102 2100
2 2103 2101
2 2104 2102
2 2105 2103
2 2106 2104
2 2107 2105
2 2108 2106
2 2109 2107
2 2110 2108
2 2111 2109
2 2112 2110
2 2113 2111
2 2114 2112
2 2115 2113
2 2116 2114
2 2117 2115
2 2118 2116
2 2119 2117
2 2120 2118
2 2121 2119
2 2122 2120
2 2123 2121
2 2124 2122
2 2125 2123
2 2126 2124
2 2127 2125
2 2128 2126
2 2129 2127
2 2130 2128
2 2131 2129
2 2132 2130
2 2133 2131
2 2134 2132
2 2135 2133
2 2136 2134
2 2137 2135
2 2138 2136
2 2139 2137
2 2140 2138
2 2141 2139
2 2142 2140
2 2143 2141
2 2144 2142
2 2145 2143
2 2146 2144
2 2147 2145
2 2148 2146
2 2149 2147
2 2150 2148
2 2151 2149
2 2152 2150
2 2153 2151
2 2154 2152
2 2155 2153
2 2156 2154
2 2157 2155
2 2158 2156
2 2159 2157
2 2160 2158
2 2161 2159
2 2162 2160
2 2163 2161
2 2164 2162
2 2165 2163
2 2166 2164
2 2167 2165
2 2168 2166
2 2169 2167
2 2170 2168
2 2171 2169
2 2172 2170
2 2173 2171
2 2174 2172
2 2175 2173
2 2176 2174
2 2177 2175
2 2178 2176
2 2179 2177
2 2180 2178
2 2181 2179
2 2182 2180
2 2183 2181
2 2184 2182
2 2185 2183
2 2186 2184
2 2187 2185
2 2188 2186
2 2189 2187
2 2190 2188
2 2191 2189
2 2192 2190
2 2193 2191
2 2194 2192
2 2195 2193
2 2196 2194
2 2197 2195
2 2198 2196
2 2199 2197
2 2200 2198
2 2201 2199
2 2202 2200
2 2203 2201
2 2204 2202
2 2205 2203
2 2206 2204
2 2207 2205
2 2208 2206
2 2209 2207
2 2210 2208
2 2211 2209
2 2212 2210
2 2213 2211
2 2214 2212
2 2215 2213
2 2216 2214
2 2217 2215
2 2218 2216
2 2219 2217
2 2220 2218
2 2221 2219
2 2222 2220
2 2223 2221
2 2224 2222
2 2225 2223
2 2226 2224
2 2227 2225
2 2228 2226
2 2229 2227
2 2230 2228
2 2231 2229
2 2232 2230
2 2233 2231
2 2234 2232
2 2235 2233
2 2236 2234
2 2237 2235
2 2238 2236
2 2239 2237
2 2240 2238
2 2241 2239
2 2242 2240
2 2243 2241
2 2244 2242
2 2245 2243
2 2246 2244
2 2247 2245
2 2248 2246
2 2249 2247
2 2250 2248
2 2251 2249
2 2252 2250
2 2253 2251
2 2254 2252
2 2255 2253
2 2256 2254
2 2257 2255
2 2258 2256
2 2259 2257
2 2260 2258
2 2261 2259
2 2262 2260
2 2263 2261
2 2264 2262
2 2265 2263
2 2266 2264
2 2267 2265
2 2268 2266
2 2269 2267
2 2270 2268
2 2271 2269
2 2272 2270
2 2273 2271
2 2274 2272
2 2275 2273
2 2276 2274
2 2277 2275
2 2278 2276
2 2279 2277
2 2280 2278
2 2281 2279
2 2282 2280
2 2283 2281
2 2284 2282
2 2285 2283
2 2286 2284
2 2287 2285
2 2288 2286
2 2289 2287
2 2290 2288
2 2291 2289
2 2292 2290
2 2293 2291
2 2294 2292
2 2295 2293
2 2296 2294
2 2297 2295
2 2298 2296
2 2299 2297
2 2300 2298
2 2301 2299
2 2302 2300
2 2303 2301
2 2304 2302
2 2305 2303
2 2306 2304
2 2307 2305
2 2308 2306
2 2309 2307
2 2310 2308
2 2311 2309
2 2312 2310
2 2313 2311
2 2314 2312
2 2315 2313
2 2316 2314
2 2317 2315
2 2318 2316
2 2319 2317
2 2320 2318
2 2321 2319
2 2322 2320
2 2323 2321
2 2324 2322
2 2325 2323
2 2326 2324
2 2327 2325
2 2328 2326
2 2329 2327
2 2330 2328
2 2331 2329
2 2332 2330
2 2333 2331
2 2334 2332
2 2335 2333
2 2336 2334
2 2337 2335
2 2338 2336
2 2339 2337
2 2340 2338
2 2341 2339
2 2342 2340
2 2343 2341
2 2344 2342
2 2345 2343
2 2346 2344
2 2347 2345
2 2348 2346
2 2349 2347
2 2350 2348
2 2351 2349
2 2352 2350
2 2353 2351
2 2354 2352
2 2355 2353
2 2356 2354
2 2357 2355
2 2358 2356
2 2359 2357
2 2360 2358
2 2361 2359
2 2362 2360
2 2363 2361
2 2364 2362
2 2365 2363
2 2366 2364
2 2367 2365
2 2368 2366
2 2369 2367
2 2370 2368
2 2371 2369
2 2372 2370
2 2373 2371
2 2374 2372
2 2375 2373
2 2376 2374
2 2377 2375
2 2378 2376
2 2379 2377
2 2380 2378
2 2381 2379
2 2382 2380
2 2383 2381
2 2384 2382
2 2385 2383
2 2386 2384
2 2387 2385
2 2388 2386
2 2389 2387
2 2390 2388
2 2391 2389
2 2392 2390
2 2393 2391
2 2394 2392
2 2395 2393
2 2396 2394
2 2397 2395
2 2398 2396
2 2399 2397
2 2400 2398
2 2401 2399
2 2402 2400
2 2403 2401
2 2404 2402
2 2405 2403
2 2406 2404
2 2407 2405
2 2408 2406
2 2409 2407
2 2410 2408
2 2411 2409
2 2412 2410
2 2413 2411
2 2414 2412
2 2415 2413
2 2416 2414
2 2417 2415
2 2418 2416
2 2419 2417
2 2420 2418
2 2421 2419
2 2422 2420
2 2423 2421
2 2424 2422
2 2425 2423
2 2426 2424
2 2427 2425
2 2428 2426
2 2429 2427
2 2430 2428
2 2431 2429
2 2432 2430
2 2433 2431
2 2434 2432
2 2435 2433
2 2436 2434
2 2437 2435
2 2438 2436
2 2439 2437
2 2440 2438
2 2441 2439
2 2442 2440
2 2443 2441
2 2444 2442
2 2445 2443
2 2446 2444
2 2447 2445
2 2448 2446
2 2449 2447
2 2450 2448
2 2451 2449
2 2452 2450
2 2453 2451
2 2454 2452
2 2455 2453
2 2456 2454
2 2457 2455
2 2458 2456
2 2459 2457
2 2460 2458
2 2461 2459
2 2462 2460
2 2463 2461
2 2464 2462
2 2465 2463
2 2466 2464
2 2467 2465
2 2468 2466
2 2469 2467
2 2470 2468
2 2471 2469
2 2472 2470
2 2473 2471
2 2474 2472
2 2475 2473
2 2476 2474
2 2477 2475
2 2478 2476
2 2479 2477
2 2480 2478
2 2481 2479
2 2482 2480
2 2483 2481
2 2484 2482
2 2485 2483
2 2486 2484
2 2487 2485
2 2488 2486
2 2489 2487
2 2490 2488
2 2491 2489
2 2492 2490
2 2493 2491
2 2494 2492
2 2495 2493
2 2496 2494
2 2497 2495
2 2498 2496
2 2499 2497
2 2500 2498
2 2501 2499
2 2502 2500
2 2503 2501
2 2504 2502
2 2505 2503
2 2506 2504
2 2507 2505
2 2508 2506
2 2509 2507
2 2510 2508
2 2511 2509
2 2512 2510
2 2513 2511
2 2514 2512
2 2515 2513
2 2516 2514
2 2517 2515
2 2518 2516
2 2519 2517
2 2520 2518
2 2521 2519
2 2522 2520
2 2523 2521
2 2524 2522
2 2525 2523
2 2526 2524
2 2527 2525
2 2528 2526
2 2529 2527
2 2530 2528
2 2531 2529
2 2532 2530
2 2533 2531
2 2534 2532
2 2535 2533
2 2536 2534
2 2537 2535
2 2538 2536
2 2539 2537
2 2540 2538
2 2541 2539
2 2542 2540
2 2543 2541
2 2544 2542
2 2545 2543
2 2546 2544
2 2547 2545
2 2548 2546
2 2549 2547
2 2550 2548
2 2551 2549
2 2552 2550
2 2553 2551
2 2554 2552
2 2555 2553
2 2556 2554
2 2557 2555
2 2558 2556
2 2559 2557
2 2560 2558
2 2561 2559
2 2562 2560
2 2563 2561
2 2564 2562
2 2565 2563
2 2566 2564
2 2567 2565
2 2568 2566
2 2569 2567
2 2570 2568
2 2571 2569
2 2572 2570
2 2573 2571
2 2574 2572
2 2575 2573
2 2576 2574
2 2577 2575
2 2578 2576
2 2579 2577
2 2580 2578
2 2581 2579
2 2582 2580
2 2583 2581
2 2584 2582
2 2585 2583
2 2586 2584
2 2587 2585
2 2588 2586
2 2589 2587
2 2590 2588
2 2591 2589
2 2592 2590
2 2593 2591
2 2594 2592
2 2595 2593
2 2596 2594
2 2597 2595
2 2598 2596
2 2599 2597
2 2600 2598
2 2601 2599
2 2602 2600
2 2603 2601
2 2604 2602
2 2605 2603
2 2606 2604
2 2607 2605
2 2608 2606
2 2609 2607
2 2610 2608
2 2611 2609
2 2612 2610
2 2613 2611
2 2614 2612
2 2615 2613
2 2616 2614
2 2617 2615
2 2618 2616
2 2619 2617
2 2620 2618
2 2621 2619
2 2622 2620
2 2623 2621
2 2624 2622
2 2625 2623
2 2626 2624
2 2627 2625
2 2628 2626
2 2629 2627
2 2630 2628
2 2631 2629
2 2632 2630
2 2633 2631
2 2634 2632
2 2635 2633
2 2636 2634
2 2637 2635
2 2638 2636
2 2639 2637
2 2640 2638
2 2641 2639
2 2642 2640
2 2643 2641
2 2644 2642
2 2645 2643
2 2646 2644
2 2647 2645
2 2648 2646
2 2649 2647
2 2650 2648
2 2651 2649
2 2652 2650
2 2653 2651
2 2654 2652
2 2655 2653
2 2656 2654
2 2657 2655
2 2658 2656
2 2659 2657
2 2660 2658
2 2661 2659
2 2662 2660
2 2663 2661
2 2664 2662
2 2665 2663
2 2666 2664
2 2667 2665
2 2668 2666
2 2669 2667
2 2670 2668
2 2671 2669
2 2672 2670
2 2673 2671
2 2674 2672
2 2675 2673
2 2676 2674
2 2677 2675
2 2678 2676
2 2679 2677
2 2680 2678
2 2681 2679
2 2682 2680
2 2683 2681
2 2684 2682
2 2685 2683
2 2686 2684
2 2687 2685
2 2688 2686
2 2689 2687
2 2690 2688
2 2691 2689
2 2692 2690
2 2693 2691
2 2694 2692
2 2695 2693
2 2696 2694
2 2697 2695
2 2698 2696
2 2699 2697
2 2700 2698
2 2701 2699
2 2702 2700
2 2703 2701
2 2704 2702
2 2705 2703
2 2706 2704
2 2707 2705
2 2708 2706
2 2709 2707
2 2710 2708
2 2711 2709
2 2712 2710
2 2713 2711
2 2714 2712
2 2715 2713
2 2716 2714
2 2717 2715
2 2718 2716
2 2719 2717
2 2720 2718
2 2721 2719
2 2722 2720
2 2723 2721
2 2724 2722
2 2725 2723
2 2726 2724
2 2727 2725
2 2728 2726
2 2729 2727
2 2730 2728
2 2731 2729
2 2732 2730
2 2733 2731
2 2734 2732
2 2735 2733
2 2736 2734
2 2737 2735
2 2738 2736
2 2739 2737
2 2740 2738
2 2741 2739
2 2742 2740
2 2743 2741
2 2744 2742
2 2745 2743
2 2746 2744
2 2747 2745
2 2748 2746
2 2749 2747
2 2750 2748
2 2751 2749
2 2752 2750
2 2753 2751
2 2754 2752
2 2755 2753
2 2756 2754
2 2757 2755
2 2758 2756
2 2759 2757
2 2760 2758
2 2761 2759
2 2762 2760
2 2763 2761
2 2764 2762
2 2765 2763
2 2766 2764
2 2767 2765
2 2768 2766
2 2769 2767
2 2770 2768
2 2771 2769
2 2772 2770
2 2773 2771
2 2774 2772
2 2775 2773
2 2776 2774
2 2777 2775
2 2778 2776
2 2779 2777
2 2780 2778
2 2781 2779
2 2782 2780
2 2783 2781
2 2784 2782
2 2785 2783
2 2786 2784
2 2787 2785
2 2788 2786
2 2789 2787
2 2790 2788
2 2791 2789
2 2792 2790
2 2793 2791
2 2794 2792
2 2795 2793
2 2796 2794
2 2797 2795
2 2798 2796
2 2799 2797
2 2800 2798
2 2801 2799
2 2802 2800
2 2803 2801
2 2804 2802
2 2805 2803
2 2806 2804
2 2807 2805
2 2808 2806
2 2809 2807
2 2810 2808
2 2811 2809
2 2812 2810
2 2813 2811
2 2814 2812
2 2815 2813
2 2816 2814
2 2817 2815
2 2818 2816
2 2819 2817
2 2820 2818
2 2821 2819
2 2822 2820
2 2823 2821
2 2824 2822
2 2825 2823
2 2826 2824
2 2827 2825
2 2828 2826
2 2829 2827
2 2830 2828
2 2831 2829
2 2832 2830
2 2833 2831
2 2834 2832
2 2835 2833
2 2836 2834
2 2837 2835
2 2838 2836
2 2839 2837
2 2840 2838
2 2841 2839
2 2842 2840
2 2843 2841
2 2844 2842
2 2845 2843
2 2846 2844
2 2847 2845
2 2848 2846
2 2849 2847
2 2850 2848
2 2851 2849
2 2852 2850
2 2853 2851
2 2854 2852
2 2855 2853
2 2856 2854
2 2857 2855
2 2858 2856
2 2859 2857
2 2860 2858
2 2861 2859
2 2862 2860
2 2863 2861
2 2864 2862
2 2865 2863
2 2866 2864
2 2867 2865
2 2868 2866
2 2869 2867
2 2870 2868
2 2871 2869
2 2872 2870
2 2873 2871
2 2874 2872
2 2875 2873
2 2876 2874
2 2877 2875
2 2878 2876
2 2879 2877
2 2880 2878
2 2881 2879
2 2882 2880
2 2883 2881
2 2884 2882
2 2885 2883
2 2886 2884
2 2887 2885
2 2888 2886
2 2889 2887
2 2890 2888
2 2891 2889
2 2892 2890
2 2893 2891
2 2894 2892
2 2895 2893
2 2896 2894
2 2897 2895
2 2898 2896
2 2899 2897
2 2900 2898
2 2901 2899
2 2902 2900
2 2903 2901
2 2904 2902
2 2905 2903
2 2906 2904
2 2907 2905
2 2908 2906
2 2909 2907
2 2910 2908
2 2911 2909
2 2912 2910
2 2913 2911
2 2914 2912
2 2915 2913
2 2916 2914
2 2917 2915
2 2918 2916
2 2919 2917
2 2920 2918
2 2921 2919
2 2922 2920
2 2923 2921
2 2924 2922
2 2925 2923
2 2926 2924
2 2927 2925
2 2928 2926
2 2929 2927
2 2930 2928
2 2931 2929
2 2932 2930
2 2933 2931
2 2934 2932
2 2935 2933
2 2936 2934
2 2937 2935
2 2938 2936
2 2939 2937
2 2940 2938
2 2941 2939
2 2942 2940
2 2943 2941
2 2944 2942
2 2945 2943
2 2946 2944
2 2947 2945
2 2948 2946
2 2949 2947
2 2950 2948
2 2951 2949
2 2952 2950
2 2953 2951
2 2954 2952
2 2955 2953
2 2956 2954
2 2957 2955
2 2958 2956
2 2959 2957
2 2960 2958
2 2961 2959
2 2962 2960
2 2963 2961
2 2964 2962
2 2965 2963
2 2966 2964
2 2967 2965
2 2968 2966
2 2969 2967
2 2970 2968
2 2971 2969
2 2972 2970
2 2973 2971
2 2974 2972
2 2975 2973
2 2976 2974
2 2977 2975
2 2978 2976
2 2979 2977
2 2980 2978
2 2981 2979
2 2982 2980
2 2983 2981
2 2984 2982
2 2985 2983
2 2986 2984
2 2987 2985
2 2988 2986
2 2989 2987
2 2990 2988
2 2991 2989
2 2992 2990
2 2993 2991
2 2994 2992
2 2995 2993
2 2996 2994
2 2997 2995
2 2998 2996
2 2999 2997
2 3000 2998
2 3001 2999
2 3002 3000
2 3003 3001
2 3004 3002
2 3005 3003
2 3006 3004
2 3007 3005
2 3008 3006
2 3009 3007
2 3010 3008
2 3011 3009
2 3012 3010
2 3013 3011
2 3014 3012
2 3015 3013
2 3016 3014
2 3017 3015
2 3018 3016
2 3019 3017
2 3020 3018
2 3021 3019
2 3022 3020
2 3023 3021
2 3024 3022
2 3025 3023
2 3026 3024
2 3027 3025
2 3028 3026
2 3029 3027
2 3030 3028
2 3031 3029
2 3032 3030
2 3033 3031
2 3034 3032
2 3035 3033
2 3036 3034
2 3037 3035
2 3038 3036
2 3039 3037
2 3040 3038
2 3041 3039
2 3042 3040
2 3043 3041
2 3044 3042
2 3045 3043
2 3046 3044
2 3047 3045
2 3048 3046
2 3049 3047
2 3050 3048
2 3051 3049
2 3052 3050
2 3053 3051
2 3054 3052
2 3055 3053
2 3056 3054
2 3057 3055
2 3058 3056
2 3059 3057
2 3060 3058
2 3061 3059
2 3062 3060
2 3063 3061
2 3064 3062
2 3065 3063
2 3066 3064
2 3067 3065
2 3068 3066
2 3069 3067
2 3070 3068
2 3071 3069
2 3072 3070
2 3073 3071
2 3074 3072
2 3075 3073
2 3076 3074
2 3077 3075
2 3078 3076
2 3079 3077
2 3080 3078
2 3081 3079
2 3082 3080
2 3083 3081
2 3084 3082
2 3085 3083
2 3086 3084
2 3087 3085
2 3088 3086
2 3089 3087
2 3090 3088
2 3091 3089
2 3092 3090
2 3093 3091
2 3094 3092
2 3095 3093
2 3096 3094
2 3097 3095
2 3098 3096
2 3099 3097
2 3100 3098
2 3101 3099
2 3102 3100
2 3103 3101
2 3104 3102
2 3105 3103
2 3106 3104
2 3107 3105
2 3108 3106
2 3109 3107
2 3110 3108
2 3111 3109
2 3112 3110
2 3113 3111
2 3114 3112
2 3115 3113
2 3116 3114
2 3117 3115
2 3118 3116
2 3119 3117
2 3120 3118
2 3121 3119
2 3122 3120
2 3123 3121
2 3124 3122
2 3125 3123
2 3126 3124
2 3127 3125
2 3128 3126
2 3129 3127
2 3130 3128
2 3131 3129
2 3132 3130
2 3133 3131
2 3134 3132
2 3135 3133
2 3136 3134
2 3137 3135
2 3138 3136
2 3139 3137
2 3140 3138
2 3141 3139
2 3142 3140
2 3143 3141
2 3144 3142
2 3145 3143
2 3146 3144
2 3147 3145
2 3148 3146
2 3149 3147
2 3150 3148
2 3151 3149
2 3152 3150
2 3153 3151
2 3154 3152
2 3155 3153
2 3156 3154
2 3157 3155
2 3158 3156
2 3159 3157
2 3160 3158
2 3161 3159
2 3162 3160
2 3163 3161
2 3164 3162
2 3165 3163
2 3166 3164
2 3167 3165
2 3168 3166
2 3169 3167
2 3170 3168
2 3171 3169
2 3172 3170
2 3173 3171
2 3174 3172
2 3175 3173
2 3176 3174
2 3177 3175
2 3178 3176
2 3179 3177
2 3180 3178
2 3181 3179
2 3182 3180
2 3183 3181
2 3184 3182
2 3185 3183
2 3186 3184
2 3187 3185
2 3188 3186
2 3189 3187
2 3190 3188
2 3191 3189
2 3192 3190
2 3193 3191
2 3194 3192
2 3195 3193
2 3196 3194
2 3197 3195
2 3198 3196
2 3199 3197
2 3200 3198
2 3201 3199
2 3202 3200
2 3203 3201
2 3204 3202
2 3205 3203
2 3206 3204
2 3207 3205
2 3208 3206
2 3209 3207
2 3210 3208
2 3211 3209
2 3212 3210
2 3213 3211
2 3214 3212
2 3215 3213
2 3216 3214
2 3217 3215
2 3218 3216
2 3219 3217
2 3220 3218
2 3221 3219
2 3222 3220
2 3223 3221
2 3224 3222
2 3225 3223
2 3226 3224
2 3227 3225
2 3228 3226
2 3229 3227
2 3230 3228
2 3231 3229
2 3232 3230
2 3233 3231
2 3234 3232
2 3235 3233
2 3236 3234
2 3237 3235
2 3238 3236
2 3239 3237
2 3240 3238
2 3241 3239
2 3242 3240
2 3243 3241
2 3244 3242
2 3245 3243
2 3246 3244
2 3247 3245
2 3248 3246
2 3249 3247
2 3250 3248
2 3251 3249
2 3252 3250
2 3253 3251
2 3254 3252
2 3255 3253
2 3256 3254
2 3257 3255
2 3258 3256
2 3259 3257
2 3260 3258
2 3261 3259
2 3262 3260
2 3263 3261
2 3264 3262
2 3265 3263
2 3266 3264
2 3267 3265
2 3268 3266
2 3269 3267
2 3270 3268
2 3271 3269
2 3272 3270
2 3273 3271
2 3274 3272
2 3275 3273
2 3276 3274
2 3277 3275
2 3278 3276
2 3279 3277
2 3280 3278
2 3281 3279
2 3282 3280
2 3283 3281
2 3284 3282
2 3285 3283
2 3286 3284
2 3287 3285
2 3288 3286
2 3289 3287
2 3290 3288
2 3291 3289
2 3292 3290
2 3293 3291
2 3294 3292
2 3295 3293
2 3296 3294
2 3297 3295
2 3298 3296
2 3299 3297
2 3300 3298
2 3301 3299
2 3302 3300
2 3303 3301
2 3304 3302
2 3305 3303
2 3306 3304
2 3307 3305
2 3308 3306
2 3309 3307
2 3310 3308
2 3311 3309
2 3312 3310
2 3313 3311
2 3314 3312
2 3315 3313
2 3316 3314
2 3317 3315
2 3318 3316
2 3319 3317
2 3320 3318
2 3321 3319
2 3322 3320
2 3323 3321
2 3324 3322
2 3325 3323
2 3326 3324
2 3327 3325
2 3328 3326
2 3329 3327
2 3330 3328
2 3331 3329
2 3332 3330
2 3333 3331
2 3334 3332
2 3335 3333
2 3336 3334
2 3337 3335
2 3338 3336
2 3339 3337
2 3340 3338
2 3341 3339
2 3342 3340
2 3343 3341
2 3344 3342
2 3345 3343
2 3346 3344
2 3347 3345
2 3348 3346
2 3349 3347
2 3350 3348
2 3351 3349
2 3352 3350
2 3353 3351
2 3354 3352
2 3355 3353
2 3356 3354
2 3357 3355
2 3358 3356
2 3359 3357
2 3360 3358
2 3361 3359
2 3362 3360
2 3363 3361
2 3364 3362
2 3365 3363
2 3366 3364
2 3367 3365
2 3368 3366
2 3369 3367
2 3370 3368
2 3371 3369
2 3372 3370
2 3373 3371
2 3374 3372
2 3375 3373
2 3376 3374
2 3377 3375
2 3378 3376
2 3379 3377
2 3380 3378
2 3381 3379
2 3382 3380
2 3383 3381
2 3384 3382
2 3385 3383
2 3386 3384
2 3387 3385
2 3388 3386
2 3389 3387
2 3390 3388
2 3391 3389
2 3392 3390
2 3393 3391
2 3394 3392
2 3395 3393
2 3396 3394
2 3397 3395
2 3398 3396
2 3399 3397
2 3400 3398
2 3401 3399
2 3402 3400
2 3403 3401
2 3404 3402
2 3405 3403
2 3406 3404
2 3407 3405
2 3408 3406
2 3409 3407
2 3410 3408
2 3411 3409
2 3412 3410
2 3413 3411
2 3414 3412
2 3415 3413
2 3416 3414
2 3417 3415
2 3418 3416
2 3419 3417
2 3420 3418
2 3421 3419
2 3422 3420
2 3423 3421
2 3424 3422
2 3425 3423
2 3426 3424
2 3427 3425
2 3428 3426
2 3429 3427
2 3430 3428
2 3431 3429
2 3432 3430
2 3433 3431
2 3434 3432
2 3435 3433
2 3436 3434
2 3437 3435
2 3438 3436
2 3439 3437
2 3440 3438
2 3441 3439
2 3442 3440
2 3443 3441
2 3444 3442
2 3445 3443
2 3446 3444
2 3447 3445
2 3448 3446
2 3449 3447
2 3450 3448
2 3451 3449
2 3452 3450
2 3453 3451
2 3454 3452
2 3455 3453
2 3456 3454
2 3457 3455
2 3458 3456
2 3459 3457
2 3460 3458
2 3461 3459
2 3462 3460
2 3463 3461
2 3464 3462
2 3465 3463
2 3466 3464
2 3467 3465
2 3468 3466
2 3469 3467
2 3470 3468
2 3471 3469
2 3472 3470
2 3473 3471
2 3474 3472
2 3475 3473
2 3476 3474
2 3477 3475
2 3478 3476
2 3479 3477
2 3480 3478
2 3481 3479
2 3482 3480
2 3483 3481
2 3484 3482
2 3485 3483
2 3486 3484
2 3487 3485
2 3488 3486
2 3489 3487
2 3490 3488
2 3491 3489
2 3492 3490
2 3493 3491
2 3494 3492
2 3495 3493
2 3496 3494
2 3497 3495
2 3498 3496
2 3499 3497
2 3500 3498
2 3501 3499
2 3502 3500
2 3503 3501
2 3504 3502
2 3505 3503
2 3506 3504
2 3507 3505
2 3508 3506
2 3509 3507
2 3510 3508
2 3511 3509
2 3512 3510
2 3513 3511
2 3514 3512
2 3515 3513
2 3516 3514
2 3517 3515
2 3518 3516
2 3519 3517
2 3520 3518
2 3521 3519
2 3522 3520
2 3523 3521
2 3524 3522
2 3525 3523
2 3526 3524
2 3527 3525
2 3528 3526
2 3529 3527
2 3530 3528
2 3531 3529
2 3532 3530
2 3533 3531
2 3534 3532
2 3535 3533
2 3536 3534
2 3537 3535
2 3538 3536
2 3539 3537
2 3540 3538
2 3541 3539
2 3542 3540
2 3543 3541
2 3544 3542
2 3545 3543
2 3546 3544
2 3547 3545
2 3548 3546
2 3549 3547
2 3550 3548
2 3551 3549
2 3552 3550
2 3553 3551
2 3554 3552
2 3555 3553
2 3556 3554
2 3557 3555
2 3558 3556
2 3559 3557
2 3560 3558
2 3561 3559
2 3562 3560
2 3563 3561
2 3564 3562
2 3565 3563
2 3566 3564
2 3567 3565
2 3568 3566
2 3569 3567
2 3570 3568
2 3571 3569
2 3572 3570
2 3573 3571
2 3574 3572
2 3575 3573
2 3576 3574
2 3577 3575
2 3578 3576
2 3579 3577
2 3580 3578
2 3581 3579
2 3582 3580
2 3583 3581
2 3584 3582
2 3585 3583
2 3586 3584
2 3587 3585
2 3588 3586
2 3589 3587
2 3590 3588
2 3591 3589
2 3592 3590
2 3593 3591
2 3594 3592
2 3595 3593
2 3596 3594
2 3597 3595
2 3598 3596
2 3599 3597
2 3600 3598
2 3601 3599
2 3602 3600
2 3603 3601
2 3604 3602
2 3605 3603
2 3606 3604
2 3607 3605
2 3608 3606
2 3609 3607
2 3610 3608
2 3611 3609
2 3612 3610
2 3613 3611
2 3614 3612
2 3615 3613
2 3616 3614
2 3617 3615
2 3618 3616
2 3619 3617
2 3620 3618
2 3621 3619
2 3622 3620
2 3623 3621
2 3624 3622
2 3625 3623
2 3626 3624
2 3627 3625
2 3628 3626
2 3629 3627
2 3630 3628
2 3631 3629
2 3632 3630
2 3633 3631
2 3634 3632
2 3635 3633
2 3636 3634
2 3637 3635
2 3638 3636
2 3639 3637
2 3640 3638
2 3641 3639
2 3642 3640
2 3643 3641
2 3644 3642
2 3645 3643
2 3646 3644
2 3647 3645
2 3648 3646
2 3649 3647
2 3650 3648
2 3651 3649
2 3652 3650
2 3653 3651
2 3654 3652
2 3655 3653
2 3656 3654
2 3657 3655
2 3658 3656
2 3659 3657
2 3660 3658
2 3661 3659
2 3662 3660
2 3663 3661
2 3664 3662
2 3665 3663
2 3666 3664
2 3667 3665
2 3668 3666
2 3669 3667
2 3670 3668
2 3671 3669
2 3672 3670
2 3673 3671
2 3674 3672
2 3675 3673
2 3676 3674
2 3677 3675
2 3678 3676
2 3679 3677
2 3680 3678
2 3681 3679
2 3682 3680
2 3683 3681
2 3684 3682
2 3685 3683
2 3686 3684
2 3687 3685
2 3688 3686
2 3689 3687
2 3690 3688
2 3691 3689
2 3692 3690
2 3693 3691
2 3694 3692
2 3695 3693
2 3696 3694
2 3697 3695
2 3698 3696
2 3699 3697
2 3700 3698
2 3701 3699
2 3702 3700
2 3703 3701
2 3704 3702
2 3705 3703
2 3706 3704
2 3707 3705
2 3708 3706
2 3709 3707
2 3710 3708
2 3711 3709
2 3712 3710
2 3713 3711
2 3714 3712
2 3715 3713
2 3716 3714
2 3717 3715
2 3718 3716
2 3719 3717
2 3720 3718
2 3721 3719
2 3722 3720
2 3723 3721
2 3724 3722
2 3725 3723
2 3726 3724
2 3727 3725
2 3728 3726
2 3729 3727
2 3730 3728
2 3731 3729
2 3732 3730
2 3733 3731
2 3734 3732
2 3735 3733
2 3736 3734
2 3737 3735
2 3738 3736
2 3739 3737
2 3740 3738
2 3741 3739
2 3742 3740
2 3743 3741
2 3744 3742
2 3745 3743
2 3746 3744
2 3747 3745
2 3748 3746
2 3749 3747
2 3750 3748
2 3751 3749
2 3752 3750
2 3753 3751
2 3754 3752
2 3755 3753
2 3756 3754
2 3757 3755
2 3758 3756
2 3759 3757
2 3760 3758
2 3761 3759
2 3762 3760
2 3763 3761
2 3764 3762
2 3765 3763
2 3766 3764
2 3767 3765
2 3768 3766
2 3769 3767
2 3770 3768
2 3771 3769
2 3772 3770
2 3773 3771
2 3774 3772
2 3775 3773
2 3776 3774
2 3777 3775
2 3778 3776
2 3779 3777
2 3780 3778
2 3781 3779
2 3782 3780
2 3783 3781
2 3784 3782
2 3785 3783
2 3786 3784
2 3787 3785
2 3788 3786
2 3789 3787
2 3790 3788
2 3791 3789
2 3792 3790
2 3793 3791
2 3794 3792
2 3795 3793
2 3796 3794
2 3797 3795
2 3798 3796
2 3799 3797
2 3800 3798
2 3801 3799
2 3802 3800
2 3803 3801
2 3804 3802
2 3805 3803
2 3806 3804
2 3807 3805
2 3808 3806
2 3809 3807
2 3810 3808
2 3811 3809
2 3812 3810
2 3813 3811
2 3814 3812
2 3815 3813
2 3816 3814
2 3817 3815
2 3818 3816
2 3819 3817
2 3820 3818
2 3821 3819
2 3822 3820
2 3823 3821
2 3824 3822
2 3825 3823
2 3826 3824
2 3827 3825
2 3828 3826
2 3829 3827
2 3830 3828
2 3831 3829
2 3832 3830
2 3833 3831
2 3834 3832
2 3835 3833
2 3836 3834
2 3837 3835
2 3838 3836
2 3839 3837
2 3840 3838
2 3841 3839
2 3842 3840
2 3843 3841
2 3844 3842
2 3845 3843
2 3846 3844
2 3847 3845
2 3848 3846
2 3849 3847
2 3850 3848
2 3851 3849
2 3852 3850
2 3853 3851
2 3854 3852
2 3855 3853
2 3856 3854
2 3857 3855
2 3858 3856
2 3859 3857
2 3860 3858
2 3861 3859
2 3862 3860
2 3863 3861
2 3864 3862
2 3865 3863
2 3866 3864
2 3867 3865
2 3868 3866
2 3869 3867
2 3870 3868
2 3871 3869
2 3872 3870
2 3873 3871
2 3874 3872
2 3875 3873
2 3876 3874
2 3877 3875
2 3878 3876
2 3879 3877
2 3880 3878
2 3881 3879
2 3882 3880
2 3883 3881
2 3884 3882
2 3885 3883
2 3886 3884
2 3887 3885
2 3888 3886
2 3889 3887
2 3890 3888
2 3891 3889
2 3892 3890
2 3893 3891
2 3894 3892
2 3895 3893
2 3896 3894
2 3897 3895
2 3898 3896
2 3899 3897
2 3900 3898
2 3901 3899
2 3902 3900
2 3903 3901
2 3904 3902
2 3905 3903
2 3906 3904
2 3907 3905
2 3908 3906
2 3909 3907
2 3910 3908
2 3911 3909
2 3912 3910
2 3913 3911
2 3914 3912
2 3915 3913
2 3916 3914
2 3917 3915
2 3918 3916
2 3919 3917
2 3920 3918
2 3921 3919
2 3922 3920
2 3923 3921
2 3924 3922
2 3925 3923
2 3926 3924
2 3927 3925
2 3928 3926
2 3929 3927
2 3930 3928
2 3931 3929
2 3932 3930
2 3933 3931
2 3934 3932
2 3935 3933
2 3936 3934
2 3937 3935
2 3938 3936
2 3939 3937
2 3940 3938
2 3941 3939
2 3942 3940
2 3943 3941
2 3944 3942
2 3945 3943
2 3946 3944
2 3947 3945
2 3948 3946
2 3949 3947
2 3950 3948
2 3951 3949
2 3952 3950
2 3953 3951
2 3954 3952
2 3955 3953
2 3956 3954
2 3957 3955
2 3958 3956
2 3959 3957
2 3960 3958
2 3961 3959
2 3962 3960
2 3963 3961
2 3964 3962
2 3965 3963
2 3966 3964
2 3967 3965
2 3968 3966
2 3969 3967
2 3970 3968
2 3971 3969
2 3972 3970
2 3973 3971
2 3974 3972
2 3975 3973
2 3976 3974
2 3977 3975
2 3978 3976
2 3979 3977
2 3980 3978
2 3981 3979
2 3982 3980
2 3983 3981
2 3984 3982
2 3985 3983
2 3986 3984
2 3987 3985
2 3988 3986
2 3989 3987
2 3990 3988
2 3991 3989
2 3992 3990
2 3993 3991
2 3994 3992
2 3995 3993
2 3996 3994
2 3997 3995
2 3998 3996
2 3999 3997
2 4000 3998
2 4001 3999
2 4002 4000
2 4003 4001
2 4004 4002
2 4005 4003
2 4006 4004
2 4007 4005
2 4008 4006
2 4009 4007
2 4010 4008
2 4011 4009
2 4012 4010
2 4013 4011
2 4014 4012
2 4015 4013
2 4016 4014
2 4017 4015
2 4018 4016
2 4019 4017
2 4020 4018
2 4021 4019
2 4022 4020
2 4023 4021
2 4024 4022
2 4025 4023
2 4026 4024
2 4027 4025
2 4028 4026
2 4029 4027
2 4030 4028
2 4031 4029
2 4032 4030
2 4033 4031
2 4034 4032
2 4035 4033
2 4036 4034
2 4037 4035
2 4038 4036
2 4039 4037
2 4040 4038
2 4041 4039
2 4042 4040
2 4043 4041
2 4044 4042
2 4045 4043
2 4046 4044
2 4047 4045
2 4048 4046
2 4049 4047
2 4050 4048
2 4051 4049
2 4052 4050
2 4053 4051
2 4054 4052
2 4055 4053
2 4056 4054
2 4057 4055
2 4058 4056
2 4059 4057
2 4060 4058
2 4061 4059
2 4062 4060
2 4063 4061
2 4064 4062
2 4065 4063
2 4066 4064
2 4067 4065
2 4068 4066
2 4069 4067
2 4070 4068
2 4071 4069
2 4072 4070
2 4073 4071
2 4074 4072
2 4075 4073
2 4076 4074
2 4077 4075
2 4078 4076
2 4079 4077
2 4080 4078
2 4081 4079
2 4082 4080
2 4083 4081
2 4084 4082
2 4085 4083
2 4086 4084
2 4087 4085
2 4088 4086
2 4089 4087
2 4090 4088
2 4091 4089
2 4092 4090
2 4093 4091
2 4094 4092
2 4095 4093
2 4096 4094
2 4097 4095
2 4098 4096
2 4099 4097
2 4100 4098
2 4101 4099
2 4102 4100
2 4103 4101
2 4104 4102
2 4105 4103
2 4106 4104
2 4107 4105
2 4108 4106
2 4109 4107
2 4110 4108
2 4111 4109
2 4112 4110
2 4113 4111
2 4114 4112
2 4115 4113
2 4116 4114
2 4117 4115
2 4118 4116
2 4119 4117
2 4120 4118
2 4121 4119
2 4122 4120
2 4123 4121
2 4124 4122
2 4125 4123
2 4126 4124
2 4127 4125
2 4128 4126
2 4129 4127
2 4130 4128
2 4131 4129
2 4132 4130
2 4133 4131
2 4134 4132
2 4135 4133
2 4136 4134
2 4137 4135
2 4138 4136
2 4139 4137
2 4140 4138
2 4141 4139
2 4142 4140
2 4143 4141
2 4144 4142
2 4145 4143
2 4146 4144
2 4147 4145
2 4148 4146
2 4149 4147
2 4150 4148
2 4151 4149
2 4152 4150
2 4153 4151
2 4154 4152
2 4155 4153
2 4156 4154
2 4157 4155
2 4158 4156
2 4159 4157
2 4160 4158
2 4161 4159
2 4162 4160
2 4163 4161
2 4164 4162
2 4165 4163
2 4166 4164
2 4167 4165
2 4168 4166
2 4169 4167
2 4170 4168
2 4171 4169
2 4172 4170
2 4173 4171
2 4174 4172
2 4175 4173
2 4176 4174
2 4177 4175
2 4178 4176
2 4179 4177
2 4180 4178
2 4181 4179
2 4182 4180
2 4183 4181
2 4184 4182
2 4185 4183
2 4186 4184
2 4187 4185
2 4188 4186
2 4189 4187
2 4190 4188
2 4191 4189
2 4192 4190
2 4193 4191
2 4194 4192
2 4195 4193
2 4196 4194
2 4197 4195
2 4198 4196
2 4199 4197
2 4200 4198
2 4201 4199
2 4202 4200
2 4203 4201
2 4204 4202
2 4205 4203
2 4206 4204
2 4207 4205
2 4208 4206
2 4209 4207
2 4210 4208
2 4211 4209
2 4212 4210
2 4213 4211
2 4214 4212
2 4215 4213
2 4216 4214
2 4217 4215
2 4218 4216
2 4219 4217
2 4220 4218
2 4221 4219
2 4222 4220
2 4223 4221
2 4224 4222
2 4225 4223
2 4226 4224
2 4227 4225
2 4228 4226
2 4229 4227
2 4230 4228
2 4231 4229
2 4232 4230
2 4233 4231
2 4234 4232
2 4235 4233
2 4236 4234
2 4237 4235
2 4238 4236
2 4239 4237
2 4240 4238
2 4241 4239
2 4242 4240
2 4243 4241
2 4244 4242
2 4245 4243
2 4246 4244
2 4247 4245
2 4248 4246
2 4249 4247
2 4250 4248
2 4251 4249
2 4252 4250
2 4253 4251
2 4254 4252
2 4255 4253
2 4256 4254
2 4257 4255
2 4258 4256
2 4259 4257
2 4260 4258
2 4261 4259
2 4262 4260
2 4263 4261
2 4264 4262
2 4265 4263
2 4266 4264
2 4267 4265
2 4268 4266
2 4269 4267
2 4270 4268
2 4271 4269
2 4272 4270
2 4273 4271
2 4274 4272
2 4275 4273
2 4276 4274
2 4277 4275
2 4278 4276
2 4279 4277
2 4280 4278
2 4281 4279
2 4282 4280
2 4283 4281
2 4284 4282
2 4285 4283
2 4286 4284
2 4287 4285
2 4288 4286
2 4289 4287
2 4290 4288
2 4291 4289
2 4292 4290
2 4293 4291
2 4294 4292
2 4295 4293
2 4296 4294
2 4297 4295
2 4298 4296
2 4299 4297
2 4300 4298
2 4301 4299
2 4302 4300
2 4303 4301
2 4304 4302
2 4305 4303
2 4306 4304
2 4307 4305
2 4308 4306
2 4309 4307
2 4310 4308
2 4311 4309
2 4312 4310
2 4313 4311
2 4314 4312
2 4315 4313
2 4316 4314
2 4317 4315
2 4318 4316
2 4319 4317
2 4320 4318
2 4321 4319
2 4322 4320
2 4323 4321
2 4324 4322
2 4325 4323
2 4326 4324
2 4327 4325
2 4328 4326
2 4329 4327
2 4330 4328
2 4331 4329
2 4332 4330
2 4333 4331
2 4334 4332
2 4335 4333
2 4336 4334
2 4337 4335
2 4338 4336
2 4339 4337
2 4340 4338
2 4341 4339
2 4342 4340
2 4343 4341
2 4344 4342
2 4345 4343
2 4346 4344
2 4347 4345
2 4348 4346
2 4349 4347
2 4350 4348
2 4351 4349
2 4352 4350
2 4353 4351
2 4354 4352
2 4355 4353
2 4356 4354
2 4357 4355
2 4358 4356
2 4359 4357
2 4360 4358
2 4361 4359
2 4362 4360
2 4363 4361
2 4364 4362
2 4365 4363
2 4366 4364
2 4367 4365
2 4368 4366
2 4369 4367
2 4370 4368
2 4371 4369
2 4372 4370
2 4373 4371
2 4374 4372
2 4375 4373
2 4376 4374
2 4377 4375
2 4378 4376
2 4379 4377
2 4380 4378
2 4381 4379
2 4382 4380
2 4383 4381
2 4384 4382
2 4385 4383
2 4386 4384
2 4387 4385
2 4388 4386
2 4389 4387
2 4390 4388
2 4391 4389
2 4392 4390
2 4393 4391
2 4394 4392
2 4395 4393
2 4396 4394
2 4397 4395
2 4398 4396
2 4399 4397
2 4400 4398
2 4401 4399
2 4402 4400
2 4403 4401
2 4404 4402
2 4405 4403
2 4406 4404
2 4407 4405
2 4408 4406
2 4409 4407
2 4410 4408
2 4411 4409
2 4412 4410
2 4413 4411
2 4414 4412
2 4415 4413
2 4416 4414
2 4417 4415
2 4418 4416
2 4419 4417
2 4420 4418
2 4421 4419
2 4422 4420
2 4423 4421
2 4424 4422
2 4425 4423
2 4426 4424
2 4427 4425
2 4428 4426
2 4429 4427
2 4430 4428
2 4431 4429
2 4432 4430
2 4433 4431
2 4434 4432
2 4435 4433
2 4436 4434
2 4437 4435
2 4438 4436
2 4439 4437
2 4440 4438
2 4441 4439
2 4442 4440
2 4443 4441
2 4444 4442
2 4445 4443
2 4446 4444
2 4447 4445
2 4448 4446
2 4449 4447
2 4450 4448
2 4451 4449
2 4452 4450
2 4453 4451
2 4454 4452
2 4455 4453
2 4456 4454
2 4457 4455
2 4458 4456
2 4459 4457
2 4460 4458
2 4461 4459
2 4462 4460
2 4463 4461
2 4464 4462
2 4465 4463
2 4466 4464
2 4467 4465
2 4468 4466
2 4469 4467
2 4470 4468
2 4471 4469
2 4472 4470
2 4473 4471
2 4474 4472
2 4475 4473
2 4476 4474
2 4477 4475
2 4478 4476
2 4479 4477
2 4480 4478
2 4481 4479
2 4482 4480
2 4483 4481
2 4484 4482
2 4485 4483
2 4486 4484
2 4487 4485
2 4488 4486
2 4489 4487
2 4490 4488
2 4491 4489
2 4492 4490
2 4493 4491
2 4494 4492
2 4495 4493
2 4496 4494
2 4497 4495
2 4498 4496
2 4499 4497
2 4500 4498
2 4501 4499
2 4502 4500
2 4503 4501
2 4504 4502
2 4505 4503
2 4506 4504
2 4507 4505
2 4508 4506
2 4509 4507
2 4510 4508
2 4511 4509
2 4512 4510
2 4513 4511
2 4514 4512
2 4515 4513
2 4516 4514
2 4517 4515
2 4518 4516
2 4519 4517
2 4520 4518
2 4521 4519
2 4522 4520
2 4523 4521
2 4524 4522
2 4525 4523
2 4526 4524
2 4527 4525
2 4528 4526
2 4529 4527
2 4530 4528
2 4531 4529
2 4532 4530
2 4533 4531
2 4534 4532
2 4535 4533
2 4536 4534
2 4537 4535
2 4538 4536
2 4539 4537
2 4540 4538
2 4541 4539
2 4542 4540
2 4543 4541
2 4544 4542
2 4545 4543
2 4546 4544
2 4547 4545
2 4548 4546
2 4549 4547
2 4550 4548
2 4551 4549
2 4552 4550
2 4553 4551
2 4554 4552
2 4555 4553
2 4556 4554
2 4557 4555
2 4558 4556
2 4559 4557
2 4560 4558
2 4561 4559
2 4562 4560
2 4563 4561
2 4564 4562
2 4565 4563
2 4566 4564
2 4567 4565
2 4568 4566
2 4569 4567
2 4570 4568
2 4571 4569
2 4572 4570
2 4573 4571
2 4574 4572
2 4575 4573
2 4576 4574
2 4577 4575
2 4578 4576
2 4579 4577
2 4580 4578
2 4581 4579
2 4582 4580
2 4583 4581
2 4584 4582
2 4585 4583
2 4586 4584
2 4587 4585
2 4588 4586
2 4589 4587
2 4590 4588
2 4591 4589
2 4592 4590
2 4593 4591
2 4594 4592
2 4595 4593
2 4596 4594
2 4597 4595
2 4598 4596
2 4599 4597
2 4600 4598
2 4601 4599
2 4602 4600
2 4603 4601
2 4604 4602
2 4605 4603
2 4606 4604
2 4607 4605
2 4608 4606
2 4609 4607
2 4610 4608
2 4611 4609
2 4612 4610
2 4613 4611
2 4614 4612
2 4615 4613
2 4616 4614
2 4617 4615
2 4618 4616
2 4619 4617
2 4620 4618
2 4621 4619
2 4622 4620
2 4623 4621
2 4624 4622
2 4625 4623
2 4626 4624
2 4627 4625
2 4628 4626
2 4629 4627
2 4630 4628
2 4631 4629
2 4632 4630
2 4633 4631
2 4634 4632
2 4635 4633
2 4636 4634
2 4637 4635
2 4638 4636
2 4639 4637
2 4640 4638
2 4641 4639
2 4642 4640
2 4643 4641
2 4644 4642
2 4645 4643
2 4646 4644
2 4647 4645
2 4648 4646
2 4649 4647
2 4650 4648
2 4651 4649
2 4652 4650
2 4653 4651
2 4654 4652
2 4655 4653
2 4656 4654
2 4657 4655
2 4658 4656
2 4659 4657
2 4660 4658
2 4661 4659
2 4662 4660
2 4663 4661
2 4664 4662
2 4665 4663
2 4666 4664
2 4667 4665
2 4668 4666
2 4669 4667
2 4670 4668
2 4671 4669
2 4672 4670
2 4673 4671
2 4674 4672
2 4675 4673
2 4676 4674
2 4677 4675
2 4678 4676
2 4679 4677
2 4680 4678
2 4681 4679
2 4682 4680
2 4683 4681
2 4684 4682
2 4685 4683
2 4686 4684
2 4687 4685
2 4688 4686
2 4689 4687
2 4690 4688
2 4691 4689
2 4692 4690
2 4693 4691
2 4694 4692
2 4695 4693
2 4696 4694
2 4697 4695
2 4698 4696
2 4699 4697
2 4700 4698
2 4701 4699
2 4702 4700
2 4703 4701
2 4704 4702
2 4705 4703
2 4706 4704
2 4707 4705
2 4708 4706
2 4709 4707
2 4710 4708
2 4711 4709
2 4712 4710
2 4713 4711
2 4714 4712
2 4715 4713
2 4716 4714
2 4717 4715
2 4718 4716
2 4719 4717
2 4720 4718
2 4721 4719
2 4722 4720
2 4723 4721
2 4724 4722
2 4725 4723
2 4726 4724
2 4727 4725
2 4728 4726
2 4729 4727
2 4730 4728
2 4731 4729
2 4732 4730
2 4733 4731
2 4734 4732
2 4735 4733
2 4736 4734
2 4737 4735
2 4738 4736
2 4739 4737
2 4740 4738
2 4741 4739
2 4742 4740
2 4743 4741
2 4744 4742
2 4745 4743
2 4746 4744
2 4747 4745
2 4748 4746
2 4749 4747
2 4750 4748
2 4751 4749
2 4752 4750
2 4753 4751
2 4754 4752
2 4755 4753
2 4756 4754
2 4757 4755
2 4758 4756
2 4759 4757
2 4760 4758
2 4761 4759
2 4762 4760
2 4763 4761
2 4764 4762
2 4765 4763
2 4766 4764
2 4767 4765
2 4768 4766
2 4769 4767
2 4770 4768
2 4771 4769
2 4772 4770
2 4773 4771
2 4774 4772
2 4775 4773
2 4776 4774
2 4777 4775
2 4778 4776
2 4779 4777
2 4780 4778
2 4781 4779
2 4782 4780
2 4783 4781
2 4784 4782
2 4785 4783
2 4786 4784
2 4787 4785
2 4788 4786
2 4789 4787
2 4790 4788
2 4791 4789
2 4792 4790
2 4793 4791
2 4794 4792
2 4795 4793
2 4796 4794
2 4797 4795
2 4798 4796
2 4799 4797
2 4800 4798
2 4801 4799
2 4802 4800
2 4803 4801
2 4804 4802
2 4805 4803
2 4806 4804
2 4807 4805
2 4808 4806
2 4809 4807
2 4810 4808
2 4811 4809
2 4812 4810
2 4813 4811
2 4814 4812
2 4815 4813
2 4816 4814
2 4817 4815
2 4818 4816
2 4819 4817
2 4820 4818
2 4821 4819
2 4822 4820
2 4823 4821
2 4824 4822
2 4825 4823
2 4826 4824
2 4827 4825
2 4828 4826
2 4829 4827
2 4830 4828
2 4831 4829
2 4832 4830
2 4833 4831
2 4834 4832
2 4835 4833
2 4836 4834
2 4837 4835
2 4838 4836
2 4839 4837
2 4840 4838
2 4841 4839
2 4842 4840
2 4843 4841
2 4844 4842
2 4845 4843
2 4846 4844
2 4847 4845
2 4848 4846
2 4849 4847
2 4850 4848
2 4851 4849
2 4852 4850
2 4853 4851
2 4854 4852
2 4855 4853
2 4856 4854
2 4857 4855
2 4858 4856
2 4859 4857
2 4860 4858
2 4861 4859
2 4862 4860
2 4863 4861
2 4864 4862
2 4865 4863
2 4866 4864
2 4867 4865
2 4868 4866
2 4869 4867
2 4870 4868
2 4871 4869
2 4872 4870
2 4873 4871
2 4874 4872
2 4875 4873
2 4876 4874
2 4877 4875
2 4878 4876
2 4879 4877
2 4880 4878
2 4881 4879
2 4882 4880
2 4883 4881
2 4884 4882
2 4885 4883
2 4886 4884
2 4887 4885
2 4888 4886
2 4889 4887
2 4890 4888
2 4891 4889
2 4892 4890
2 4893 4891
2 4894 4892
2 4895 4893
2 4896 4894
2 4897 4895
2 4898 4896
2 4899 4897
2 4900 4898
2 4901 4899
2 4902 4900
2 4903 4901
2 4904 4902
2 4905 4903
2 4906 4904
2 4907 4905
2 4908 4906
2 4909 4907
2 4910 4908
2 4911 4909
2 4912 4910
2 4913 4911
2 4914 4912
2 4915 4913
2 4916 4914
2 4917 4915
2 4918 4916
2 4919 4917
2 4920 4918
2 4921 4919
2 4922 4920
2 4923 4921
2 4924 4922
2 4925 4923
2 4926 4924
2 4927 4925
2 4928 4926
2 4929 4927
2 4930 4928
2 4931 4929
2 4932 4930
2 4933 4931
2 4934 4932
2 4935 4933
2 4936 4934
2 4937 4935
2 4938 4936
2 4939 4937
2 4940 4938
2 4941 4939
2 4942 4940
2 4943 4941
2 4944 4942
2 4945 4943
2 4946 4944
2 4947 4945
2 4948 4946
2 4949 4947
2 4950 4948
2 4951 4949
2 4952 4950
2 4953 4951
2 4954 4952
2 4955 4953
2 4956 4954
2 4957 4955
2 4958 4956
2 4959 4957
2 4960 4958
2 4961 4959
2 4962 4960
2 4963 4961
2 4964 4962
2 4965 4963
2 4966 4964
2 4967 4965
2 4968 4966
2 4969 4967
2 4970 4968
2 4971 4969
2 4972 4970
2 4973 4971
2 4974 4972
2 4975 4973
2 4976 4974
2 4977 4975
2 4978 4976
2 4979 4977
2 4980 4978
2 4981 4979
2 4982 4980
2 4983 4981
2 4984 4982
2 4985 4983
2 4986 4984
2 4987 4985
2 4988 4986
2 4989 4987
2 4990 4988
2 4991 4989
2 4992 4990
2 4993 4991
2 4994 4992
2 4995 4993
2 4996 4994
2 4997 4995
2 4998 4996
2 4999 4997
2 5000 4998
2 5001 4999
2 5002 5000
2 5003 5001
2 5004 5002
2 5005 5003
2 5006 5004
2 5007 5005
2 5008 5006
2 5009 5007
2 5010 5008
2 5011 5009
2 5012 5010
2 5013 5011
2 5014 5012
2 5015 5013
2 5016 5014
2 5017 5015
2 5018 5016
2 5019 5017
2 5020 5018
2 5021 5019
2 5022 5020
2 5023 5021
2 5024 5022
2 5025 5023
2 5026 5024
2 5027 5025
2 5028 5026
2 5029 5027
2 5030 5028
2 5031 5029
2 5032 5030
2 5033 5031
2 5034 5032
2 5035 5033
2 5036 5034
2 5037 5035
2 5038 5036
2 5039 5037
2 5040 5038
2 5041 5039
2 5042 5040
2 5043 5041
2 5044 5042
2 5045 5043
2 5046 5044
2 5047 5045
2 5048 5046
2 5049 5047
2 5050 5048
2 5051 5049
2 5052 5050
2 5053 5051
2 5054 5052
2 5055 5053
2 5056 5054
2 5057 5055
2 5058 5056
2 5059 5057
2 5060 5058
2 5061 5059
2 5062 5060
2 5063 5061
2 5064 5062
2 5065 5063
2 5066 5064
2 5067 5065
2 5068 5066
2 5069 5067
2 5070 5068
2 5071 5069
2 5072 5070
2 5073 5071
2 5074 5072
2 5075 5073
2 5076 5074
2 5077 5075
2 5078 5076
2 5079 5077
2 5080 5078
2 5081 5079
2 5082 5080
2 5083 5081
2 5084 5082
2 5085 5083
2 5086 5084
2 5087 5085
2 5088 5086
2 5089 5087
2 5090 5088
2 5091 5089
2 5092 5090
2 5093 5091
2 5094 5092
2 5095 5093
2 5096 5094
2 5097 5095
2 5098 5096
2 5099 5097
2 5100 5098
2 5101 5099
2 5102 5100
2 5103 5101
2 5104 5102
2 5105 5103
2 5106 5104
2 5107 5105
2 5108 5106
2 5109 5107
2 5110 5108
2 5111 5109
2 5112 5110
2 5113 5111
2 5114 5112
2 5115 5113
2 5116 5114
2 5117 5115
2 5118 5116
2 5119 5117
2 5120 5118
2 5121 5119
2 5122 5120
2 5123 5121
2 5124 5122
2 5125 5123
2 5126 5124
2 5127 5125
2 5128 5126
2 5129 5127
2 5130 5128
2 5131 5129
2 5132 5130
2 5133 5131
2 5134 5132
2 5135 5133
2 5136 5134
2 5137 5135
2 5138 5136
2 5139 5137
2 5140 5138
2 5141 5139
2 5142 5140
2 5143 5141
2 5144 5142
2 5145 5143
2 5146 5144
2 5147 5145
2 5148 5146
2 5149 5147
2 5150 5148
2 5151 5149
2 5152 5150
2 5153 5151
2 5154 5152
2 5155 5153
2 5156 5154
2 5157 5155
2 5158 5156
2 5159 5157
2 5160 5158
2 5161 5159
2 5162 5160
2 5163 5161
2 5164 5162
2 5165 5163
2 5166 5164
2 5167 5165
2 5168 5166
2 5169 5167
2 5170 5168
2 5171 5169
2 5172 5170
2 5173 5171
2 5174 5172
2 5175 5173
2 5176 5174
2 5177 5175
2 5178 5176
2 5179 5177
2 5180 5178
2 5181 5179
2 5182 5180
2 5183 5181
2 5184 5182
2 5185 5183
2 5186 5184
2 5187 5185
2 5188 5186
2 5189 5187
2 5190 5188
2 5191 5189
2 5192 5190
2 5193 5191
2 5194 5192
2 5195 5193
2 5196 5194
2 5197 5195
2 5198 5196
2 5199 5197
2 5200 5198
2 5201 5199
2 5202 5200
2 5203 5201
2 5204 5202
2 5205 5203
2 5206 5204
2 5207 5205
2 5208 5206
2 5209 5207
2 5210 5208
2 5211 5209
2 5212 5210
2 5213 5211
2 5214 5212
2 5215 5213
2 5216 5214
2 5217 5215
2 5218 5216
2 5219 5217
2 5220 5218
2 5221 5219
2 5222 5220
2 5223 5221
2 5224 5222
2 5225 5223
2 5226 5224
2 5227 5225
2 5228 5226
2 5229 5227
2 5230 5228
2 5231 5229
2 5232 5230
2 5233 5231
2 5234 5232
2 5235 5233
2 5236 5234
2 5237 5235
2 5238 5236
2 5239 5237
2 5240 5238
2 5241 5239
2 5242 5240
2 5243 5241
2 5244 5242
2 5245 5243
2 5246 5244
2 5247 5245
2 5248 5246
2 5249 5247
2 5250 5248
2 5251 5249
2 5252 5250
2 5253 5251
2 5254 5252
2 5255 5253
2 5256 5254
2 5257 5255
2 5258 5256
2 5259 5257
2 5260 5258
2 5261 5259
2 5262 5260
2 5263 5261
2 5264 5262
2 5265 5263
2 5266 5264
2 5267 5265
2 5268 5266
2 5269 5267
2 5270 5268
2 5271 5269
2 5272 5270
2 5273 5271
2 5274 5272
2 5275 5273
2 5276 5274
2 5277 5275
2 5278 5276
2 5279 5277
2 5280 5278
2 5281 5279
2 5282 5280
2 5283 5281
2 5284 5282
2 5285 5283
2 5286 5284
2 5287 5285
2 5288 5286
2 5289 5287
2 5290 5288
2 5291 5289
2 5292 5290
2 5293 5291
2 5294 5292
2 5295 5293
2 5296 5294
2 5297 5295
2 5298 5296
2 5299 5297
2 5300 5298
2 5301 5299
2 5302 5300
2 5303 5301
2 5304 5302
2 5305 5303
2 5306 5304
2 5307 5305
2 5308 5306
2 5309 5307
2 5310 5308
2 5311 5309
2 5312 5310
2 5313 5311
2 5314 5312
2 5315 5313
2 5316 5314
2 5317 5315
2 5318 5316
2 5319 5317
2 5320 5318
2 5321 5319
2 5322 5320
2 5323 5321
2 5324 5322
2 5325 5323
2 5326 5324
2 5327 5325
2 5328 5326
2 5329 5327
2 5330 5328
2 5331 5329
2 5332 5330
2 5333 5331
2 5334 5332
2 5335 5333
2 5336 5334
2 5337 5335
2 5338 5336
2 5339 5337
2 5340 5338
2 5341 5339
2 5342 5340
2 5343 5341
2 5344 5342
2 5345 5343
2 5346 5344
2 5347 5345
2 5348 5346
2 5349 5347
2 5350 5348
2 5351 5349
2 5352 5350
2 5353 5351
2 5354 5352
2 5355 5353
2 5356 5354
2 5357 5355
2 5358 5356
2 5359 5357
2 5360 5358
2 5361 5359
2 5362 5360
2 5363 5361
2 5364 5362
2 5365 5363
2 5366 5364
2 5367 5365
2 5368 5366
2 5369 5367
2 5370 5368
2 5371 5369
2 5372 5370
2 5373 5371
2 5374 5372
2 5375 5373
2 5376 5374
2 5377 5375
2 5378 5376
2 5379 5377
2 5380 5378
2 5381 5379
2 5382 5380
2 5383 5381
2 5384 5382
2 5385 5383
2 5386 5384
2 5387 5385
2 5388 5386
2 5389 5387
2 5390 5388
2 5391 5389
2 5392 5390
2 5393 5391
2 5394 5392
2 5395 5393
2 5396 5394
2 5397 5395
2 5398 5396
2 5399 5397
2 5400 5398
2 5401 5399
2 5402 5400
2 5403 5401
2 5404 5402
2 5405 5403
2 5406 5404
2 5407 5405
2 5408 5406
2 5409 5407
2 5410 5408
2 5411 5409
2 5412 5410
2 5413 5411
2 5414 5412
2 5415 5413
2 5416 5414
2 5417 5415
2 5418 5416
2 5419 5417
2 5420 5418
2 5421 5419
2 5422 5420
2 5423 5421
2 5424 5422
2 5425 5423
2 5426 5424
2 5427 5425
2 5428 5426
2 5429 5427
2 5430 5428
2 5431 5429
2 5432 5430
2 5433 5431
2 5434 5432
2 5435 5433
2 5436 5434
2 5437 5435
2 5438 5436
2 5439 5437
2 5440 5438
2 5441 5439
2 5442 5440
2 5443 5441
2 5444 5442
2 5445 5443
2 5446 5444
2 5447 5445
2 5448 5446
2 5449 5447
2 5450 5448
2 5451 5449
2 5452 5450
2 5453 5451
2 5454 5452
2 5455 5453
2 5456 5454
2 5457 5455
2 5458 5456
2 5459 5457
2 5460 5458
2 5461 5459
2 5462 5460
2 5463 5461
2 5464 5462
2 5465 5463
2 5466 5464
2 5467 5465
2 5468 5466
2 5469 5467
2 5470 5468
2 5471 5469
2 5472 5470
2 5473 5471
2 5474 5472
2 5475 5473
2 5476 5474
2 5477 5475
2 5478 5476
2 5479 5477
2 5480 5478
2 5481 5479
2 5482 5480
2 5483 5481
2 5484 5482
2 5485 5483
2 5486 5484
2 5487 5485
2 5488 5486
2 5489 5487
2 5490 5488
2 5491 5489
2 5492 5490
2 5493 5491
2 5494 5492
2 5495 5493
2 5496 5494
2 5497 5495
2 5498 5496
2 5499 5497
2 5500 5498
2 5501 5499
2 5502 5500
2 5503 5501
2 5504 5502
2 5505 5503
2 5506 5504
2 5507 5505
2 5508 5506
2 5509 5507
2 5510 5508
2 5511 5509
2 5512 5510
2 5513 5511
2 5514 5512
2 5515 5513
2 5516 5514
2 5517 5515
2 5518 5516
2 5519 5517
2 5520 5518
2 5521 5519
2 5522 5520
2 5523 5521
2 5524 5522
2 5525 5523
2 5526 5524
2 5527 5525
2 5528 5526
2 5529 5527
2 5530 5528
2 5531 5529
2 5532 5530
2 5533 5531
2 5534 5532
2 5535 5533
2 5536 5534
2 5537 5535
2 5538 5536
2 5539 5537
2 5540 5538
2 5541 5539
2 5542 5540
2 5543 5541
2 5544 5542
2 5545 5543
2 5546 5544
2 5547 5545
2 5548 5546
2 5549 5547
2 5550 5548
2 5551 5549
2 5552 5550
2 5553 5551
2 5554 5552
2 5555 5553
2 5556 5554
2 5557 5555
2 5558 5556
2 5559 5557
2 5560 5558
2 5561 5559
2 5562 5560
2 5563 5561
2 5564 5562
2 5565 5563
2 5566 5564
2 5567 5565
2 5568 5566
2 5569 5567
2 5570 5568
2 5571 5569
2 5572 5570
2 5573 5571
2 5574 5572
2 5575 5573
2 5576 5574
2 5577 5575
2 5578 5576
2 5579 5577
2 5580 5578
2 5581 5579
2 5582 5580
2 5583 5581
2 5584 5582
2 5585 5583
2 5586 5584
2 5587 5585
2 5588 5586
2 5589 5587
2 5590 5588
2 5591 5589
2 5592 5590
2 5593 5591
2 5594 5592
2 5595 5593
2 5596 5594
2 5597 5595
2 5598 5596
2 5599 5597
2 5600 5598
2 5601 5599
2 5602 5600
2 5603 5601
2 5604 5602
2 5605 5603
2 5606 5604
2 5607 5605
2 5608 5606
2 5609 5607
2 5610 5608
2 5611 5609
2 5612 5610
2 5613 5611
2 5614 5612
2 5615 5613
2 5616 5614
2 5617 5615
2 5618 5616
2 5619 5617
2 5620 5618
2 5621 5619
2 5622 5620
2 5623 5621
2 5624 5622
2 5625 5623
2 5626 5624
2 5627 5625
2 5628 5626
2 5629 5627
2 5630 5628
2 5631 5629
2 5632 5630
2 5633 5631
2 5634 5632
2 5635 5633
2 5636 5634
2 5637 5635
2 5638 5636
2 5639 5637
2 5640 5638
2 5641 5639
2 5642 5640
2 5643 5641
2 5644 5642
2 5645 5643
2 5646 5644
2 5647 5645
2 5648 5646
2 5649 5647
2 5650 5648
2 5651 5649
2 5652 5650
2 5653 5651
2 5654 5652
2 5655 5653
2 5656 5654
2 5657 5655
2 5658 5656
2 5659 5657
2 5660 5658
2 5661 5659
2 5662 5660
2 5663 5661
2 5664 5662
2 5665 5663
2 5666 5664
2 5667 5665
2 5668 5666
2 5669 5667
2 5670 5668
2 5671 5669
2 5672 5670
2 5673 5671
2 5674 5672
2 5675 5673
2 5676 5674
2 5677 5675
2 5678 5676
2 5679 5677
2 5680 5678
2 5681 5679
2 5682 5680
2 5683 5681
2 5684 5682
2 5685 5683
2 5686 5684
2 5687 5685
2 5688 5686
2 5689 5687
2 5690 5688
2 5691 5689
2 5692 5690
2 5693 5691
2 5694 5692
2 5695 5693
2 5696 5694
2 5697 5695
2 5698 5696
2 5699 5697
2 5700 5698
2 5701 5699
2 5702 5700
2 5703 5701
2 5704 5702
2 5705 5703
2 5706 5704
2 5707 5705
2 5708 5706
2 5709 5707
2 5710 5708
2 5711 5709
2 5712 5710
2 5713 5711
2 5714 5712
2 5715 5713
2 5716 5714
2 5717 5715
2 5718 5716
2 5719 5717
2 5720 5718
2 5721 5719
2 5722 5720
2 5723 5721
2 5724 5722
2 5725 5723
2 5726 5724
2 5727 5725
2 5728 5726
2 5729 5727
2 5730 5728
2 5731 5729
2 5732 5730
2 5733 5731
2 5734 5732
2 5735 5733
2 5736 5734
2 5737 5735
2 5738 5736
2 5739 5737
2 5740 5738
2 5741 5739
2 5742 5740
2 5743 5741
2 5744 5742
2 5745 5743
2 5746 5744
2 5747 5745
2 5748 5746
2 5749 5747
2 5750 5748
2 5751 5749
2 5752 5750
2 5753 5751
2 5754 5752
2 5755 5753
2 5756 5754
2 5757 5755
2 5758 5756
2 5759 5757
2 5760 5758
2 5761 5759
2 5762 5760
2 5763 5761
2 5764 5762
2 5765 5763
2 5766 5764
2 5767 5765
2 5768 5766
2 5769 5767
2 5770 5768
2 5771 5769
2 5772 5770
2 5773 5771
2 5774 5772
2 5775 5773
2 5776 5774
2 5777 5775
2 5778 5776
2 5779 5777
2 5780 5778
2 5781 5779
2 5782 5780
2 5783 5781
2 5784 5782
2 5785 5783
2 5786 5784
2 5787 5785
2 5788 5786
2 5789 5787
2 5790 5788
2 5791 5789
2 5792 5790
2 5793 5791
2 5794 5792
2 5795 5793
2 5796 5794
2 5797 5795
2 5798 5796
2 5799 5797
2 5800 5798
2 5801 5799
2 5802 5800
2 5803 5801
2 5804 5802
2 5805 5803
2 5806 5804
2 5807 5805
2 5808 5806
2 5809 5807
2 5810 5808
2 5811 5809
2 5812 5810
2 5813 5811
2 5814 5812
2 5815 5813
2 5816 5814
2 5817 5815
2 5818 5816
2 5819 5817
2 5820 5818
2 5821 5819
2 5822 5820
2 5823 5821
2 5824 5822
2 5825 5823
2 5826 5824
2 5827 5825
2 5828 5826
2 5829 5827
2 5830 5828
2 5831 5829
2 5832 5830
2 5833 5831
2 5834 5832
2 5835 5833
2 5836 5834
2 5837 5835
2 5838 5836
2 5839 5837
2 5840 5838
2 5841 5839
2 5842 5840
2 5843 5841
2 5844 5842
2 5845 5843
2 5846 5844
2 5847 5845
2 5848 5846
2 5849 5847
2 5850 5848
2 5851 5849
2 5852 5850
2 5853 5851
2 5854 5852
2 5855 5853
2 5856 5854
2 5857 5855
2 5858 5856
2 5859 5857
2 5860 5858
2 5861 5859
2 5862 5860
2 5863 5861
2 5864 5862
2 5865 5863
2 5866 5864
2 5867 5865
2 5868 5866
2 5869 5867
2 5870 5868
2 5871 5869
2 5872 5870
2 5873 5871
2 5874 5872
2 5875 5873
2 5876 5874
2 5877 5875
2 5878 5876
2 5879 5877
2 5880 5878
2 5881 5879
2 5882 5880
2 5883 5881
2 5884 5882
2 5885 5883
2 5886 5884
2 5887 5885
2 5888 5886
2 5889 5887
2 5890 5888
2 5891 5889
2 5892 5890
2 5893 5891
2 5894 5892
2 5895 5893
2 5896 5894
2 5897 5895
2 5898 5896
2 5899 5897
2 5900 5898
2 5901 5899
2 5902 5900
2 5903 5901
2 5904 5902
2 5905 5903
2 5906 5904
2 5907 5905
2 5908 5906
2 5909 5907
2 5910 5908
2 5911 5909
2 5912 5910
2 5913 5911
2 5914 5912
2 5915 5913
2 5916 5914
2 5917 5915
2 5918 5916
2 5919 5917
2 5920 5918
2 5921 5919
2 5922 5920
2 5923 5921
2 5924 5922
2 5925 5923
2 5926 5924
2 5927 5925
2 5928 5926
2 5929 5927
2 5930 5928
2 5931 5929
2 5932 5930
2 5933 5931
2 5934 5932
2 5935 5933
2 5936 5934
2 5937 5935
2 5938 5936
2 5939 5937
2 5940 5938
2 5941 5939
2 5942 5940
2 5943 5941
2 5944 5942
2 5945 5943
2 5946 5944
2 5947 5945
2 5948 5946
2 5949 5947
2 5950 5948
2 5951 5949
2 5952 5950
2 5953 5951
2 5954 5952
2 5955 5953
2 5956 5954
2 5957 5955
2 5958 5956
2 5959 5957
2 5960 5958
2 5961 5959
2 5962 5960
2 5963 5961
2 5964 5962
2 5965 5963
2 5966 5964
2 5967 5965
2 5968 5966
2 5969 5967
2 5970 5968
2 5971 5969
2 5972 5970
2 5973 5971
2 5974 5972
2 5975 5973
2 5976 5974
2 5977 5975
2 5978 5976
2 5979 5977
2 5980 5978
2 5981 5979
2 5982 5980
2 5983 5981
2 5984 5982
2 5985 5983
2 5986 5984
2 5987 5985
2 5988 5986
2 5989 5987
2 5990 5988
2 5991 5989
2 5992 5990
2 5993 5991
2 5994 5992
2 5995 5993
2 5996 5994
2 5997 5995
2 5998 5996
2 5999 5997
2 6000 5998
2 6001 5999
2 6002 6000
2 6003 6001
2 6004 6002
2 6005 6003
2 6006 6004
2 6007 6005
2 6008 6006
2 6009 6007
2 6010 6008
2 6011 6009
2 6012 6010
2 6013 6011
2 6014 6012
2 6015 6013
2 6016 6014
2 6017 6015
2 6018 6016
2 6019 6017
2 6020 6018
2 6021 6019
2 6022 6020
2 6023 6021
2 6024 6022
2 6025 6023
2 6026 6024
2 6027 6025
2 6028 6026
2 6029 6027
2 6030 6028
2 6031 6029
2 6032 6030
2 6033 6031
2 6034 6032
2 6035 6033
2 6036 6034
2 6037 6035
2 6038 6036
2 6039 6037
2 6040 6038
2 6041 6039
2 6042 6040
2 6043 6041
2 6044 6042
2 6045 6043
2 6046 6044
2 6047 6045
2 6048 6046
2 6049 6047
2 6050 6048
2 6051 6049
2 6052 6050
2 6053 6051
2 6054 6052
2 6055 6053
2 6056 6054
2 6057 6055
2 6058 6056
2 6059 6057
2 6060 6058
2 6061 6059
2 6062 6060
2 6063 6061
2 6064 6062
2 6065 6063
2 6066 6064
2 6067 6065
2 6068 6066
2 6069 6067
2 6070 6068
2 6071 6069
2 6072 6070
2 6073 6071
2 6074 6072
2 6075 6073
2 6076 6074
2 6077 6075
2 6078 6076
2 6079 6077
2 6080 6078
2 6081 6079
2 6082 6080
2 6083 6081
2 6084 6082
2 6085 6083
2 6086 6084
2 6087 6085
2 6088 6086
2 6089 6087
2 6090 6088
2 6091 6089
2 6092 6090
2 6093 6091
2 6094 6092
2 6095 6093
2 6096 6094
2 6097 6095
2 6098 6096
2 6099 6097
2 6100 6098
2 6101 6099
2 6102 6100
2 6103 6101
2 6104 6102
2 6105 6103
2 6106 6104
2 6107 6105
2 6108 6106
2 6109 6107
2 6110 6108
2 6111 6109
2 6112 6110
2 6113 6111
2 6114 6112
2 6115 6113
2 6116 6114
2 6117 6115
2 6118 6116
2 6119 6117
2 6120 6118
2 6121 6119
2 6122 6120
2 6123 6121
2 6124 6122
2 6125 6123
2 6126 6124
2 6127 6125
2 6128 6126
2 6129 6127
2 6130 6128
2 6131 6129
2 6132 6130
2 6133 6131
2 6134 6132
2 6135 6133
2 6136 6134
2 6137 6135
2 6138 6136
2 6139 6137
2 6140 6138
2 6141 6139
2 6142 6140
2 6143 6141
2 6144 6142
2 6145 6143
2 6146 6144
2 6147 6145
2 6148 6146
2 6149 6147
2 6150 6148
2 6151 6149
2 6152 6150
2 6153 6151
2 6154 6152
2 6155 6153
2 6156 6154
2 6157 6155
2 6158 6156
2 6159 6157
2 6160 6158
2 6161 6159
2 6162 6160
2 6163 6161
2 6164 6162
2 6165 6163
2 6166 6164
2 6167 6165
2 6168 6166
2 6169 6167
2 6170 6168
2 6171 6169
2 6172 6170
2 6173 6171
2 6174 6172
2 6175 6173
2 6176 6174
2 6177 6175
2 6178 6176
2 6179 6177
2 6180 6178
2 6181 6179
2 6182 6180
2 6183 6181
2 6184 6182
2 6185 6183
2 6186 6184
2 6187 6185
2 6188 6186
2 6189 6187
2 6190 6188
2 6191 6189
2 6192 6190
2 6193 6191
2 6194 6192
2 6195 6193
2 6196 6194
2 6197 6195
2 6198 6196
2 6199 6197
2 6200 6198
2 6201 6199
2 6202 6200
2 6203 6201
2 6204 6202
2 6205 6203
2 6206 6204
2 6207 6205
2 6208 6206
2 6209 6207
2 6210 6208
2 6211 6209
2 6212 6210
2 6213 6211
2 6214 6212
2 6215 6213
2 6216 6214
2 6217 6215
2 6218 6216
2 6219 6217
2 6220 6218
2 6221 6219
2 6222 6220
2 6223 6221
2 6224 6222
2 6225 6223
2 6226 6224
2 6227 6225
2 6228 6226
2 6229 6227
2 6230 6228
2 6231 6229
2 6232 6230
2 6233 6231
2 6234 6232
2 6235 6233
2 6236 6234
2 6237 6235
2 6238 6236
2 6239 6237
2 6240 6238
2 6241 6239
2 6242 6240
2 6243 6241
2 6244 6242
2 6245 6243
2 6246 6244
2 6247 6245
2 6248 6246
2 6249 6247
2 6250 6248
2 6251 6249
2 6252 6250
2 6253 6251
2 6254 6252
2 6255 6253
2 6256 6254
2 6257 6255
2 6258 6256
2 6259 6257
2 6260 6258
2 6261 6259
2 6262 6260
2 6263 6261
2 6264 6262
2 6265 6263
2 6266 6264
2 6267 6265
2 6268 6266
2 6269 6267
2 6270 6268
2 6271 6269
2 6272 6270
2 6273 6271
2 6274 6272
2 6275 6273
2 6276 6274
2 6277 6275
2 6278 6276
2 6279 6277
2 6280 6278
2 6281 6279
2 6282 6280
2 6283 6281
2 6284 6282
2 6285 6283
2 6286 6284
2 6287 6285
2 6288 6286
2 6289 6287
2 6290 6288
2 6291 6289
2 6292 6290
2 6293 6291
2 6294 6292
2 6295 6293
2 6296 6294
2 6297 6295
2 6298 6296
2 6299 6297
2 6300 6298
2 6301 6299
2 6302 6300
2 6303 6301
2 6304 6302
2 6305 6303
2 6306 6304
2 6307 6305
2 6308 6306
2 6309 6307
2 6310 6308
2 6311 6309
2 6312 6310
2 6313 6311
2 6314 6312
2 6315 6313
2 6316 6314
2 6317 6315
2 6318 6316
2 6319 6317
2 6320 6318
2 6321 6319
2 6322 6320
2 6323 6321
2 6324 6322
2 6325 6323
2 6326 6324
2 6327 6325
2 6328 6326
2 6329 6327
2 6330 6328
2 6331 6329
2 6332 6330
2 6333 6331
2 6334 6332
2 6335 6333
2 6336 6334
2 6337 6335
2 6338 6336
2 6339 6337
2 6340 6338
2 6341 6339
2 6342 6340
2 6343 6341
2 6344 6342
2 6345 6343
2 6346 6344
2 6347 6345
2 6348 6346
2 6349 6347
2 6350 6348
2 6351 6349
2 6352 6350
2 6353 6351
2 6354 6352
2 6355 6353
2 6356 6354
2 6357 6355
2 6358 6356
2 6359 6357
2 6360 6358
2 6361 6359
2 6362 6360
2 6363 6361
2 6364 6362
2 6365 6363
2 6366 6364
2 6367 6365
2 6368 6366
2 6369 6367
2 6370 6368
2 6371 6369
2 6372 6370
2 6373 6371
2 6374 6372
2 6375 6373
2 6376 6374
2 6377 6375
2 6378 6376
2 6379 6377
2 6380 6378
2 6381 6379
2 6382 6380
2 6383 6381
2 6384 6382
2 6385 6383
2 6386 6384
2 6387 6385
2 6388 6386
2 6389 6387
2 6390 6388
2 6391 6389
2 6392 6390
2 6393 6391
2 6394 6392
2 6395 6393
2 6396 6394
2 6397 6395
2 6398 6396
2 6399 6397
2 6400 6398
2 6401 6399
2 6402 6400
2 6403 6401
2 6404 6402
2 6405 6403
2 6406 6404
2 6407 6405
2 6408 6406
2 6409 6407
2 6410 6408
2 6411 6409
2 6412 6410
2 6413 6411
2 6414 6412
2 6415 6413
2 6416 6414
2 6417 6415
2 6418 6416
2 6419 6417
2 6420 6418
2 6421 6419
2 6422 6420
2 6423 6421
2 6424 6422
2 6425 6423
2 6426 6424
2 6427 6425
2 6428 6426
2 6429 6427
2 6430 6428
2 6431 6429
2 6432 6430
2 6433 6431
2 6434 6432
2 6435 6433
2 6436 6434
2 6437 6435
2 6438 6436
2 6439 6437
2 6440 6438
2 6441 6439
2 6442 6440
2 6443 6441
2 6444 6442
2 6445 6443
2 6446 6444
2 6447 6445
2 6448 6446
2 6449 6447
2 6450 6448
2 6451 6449
2 6452 6450
2 6453 6451
2 6454 6452
2 6455 6453
2 6456 6454
2 6457 6455
2 6458 6456
2 6459 6457
2 6460 6458
2 6461 6459
2 6462 6460
2 6463 6461
2 6464 6462
2 6465 6463
2 6466 6464
2 6467 6465
2 6468 6466
2 6469 6467
2 6470 6468
2 6471 6469
2 6472 6470
2 6473 6471
2 6474 6472
2 6475 6473
2 6476 6474
2 6477 6475
2 6478 6476
2 6479 6477
2 6480 6478
2 6481 6479
2 6482 6480
2 6483 6481
2 6484 6482
2 6485 6483
2 6486 6484
2 6487 6485
2 6488 6486
2 6489 6487
2 6490 6488
2 6491 6489
2 6492 6490
2 6493 6491
2 6494 6492
2 6495 6493
2 6496 6494
2 6497 6495
2 6498 6496
2 6499 6497
2 6500 6498
2 6501 6499
2 6502 6500
2 6503 6501
2 6504 6502
2 6505 6503
2 6506 6504
2 6507 6505
2 6508 6506
2 6509 6507
2 6510 6508
2 6511 6509
2 6512 6510
2 6513 6511
2 6514 6512
2 6515 6513
2 6516 6514
2 6517 6515
2 6518 6516
2 6519 6517
2 6520 6518
2 6521 6519
2 6522 6520
2 6523 6521
2 6524 6522
2 6525 6523
2 6526 6524
2 6527 6525
2 6528 6526
2 6529 6527
2 6530 6528
2 6531 6529
2 6532 6530
2 6533 6531
2 6534 6532
2 6535 6533
2 6536 6534
2 6537 6535
2 6538 6536
2 6539 6537
2 6540 6538
2 6541 6539
2 6542 6540
2 6543 6541
2 6544 6542
2 6545 6543
2 6546 6544
2 6547 6545
2 6548 6546
2 6549 6547
2 6550 6548
2 6551 6549
2 6552 6550
2 6553 6551
2 6554 6552
2 6555 6553
2 6556 6554
2 6557 6555
2 6558 6556
2 6559 6557
2 6560 6558
2 6561 6559
2 6562 6560
2 6563 6561
2 6564 6562
2 6565 6563
2 6566 6564
2 6567 6565
2 6568 6566
2 6569 6567
2 6570 6568
2 6571 6569
2 6572 6570
2 6573 6571
2 6574 6572
2 6575 6573
2 6576 6574
2 6577 6575
2 6578 6576
2 6579 6577
2 6580 6578
2 6581 6579
2 6582 6580
2 6583 6581
2 6584 6582
2 6585 6583
2 6586 6584
2 6587 6585
2 6588 6586
2 6589 6587
2 6590 6588
2 6591 6589
2 6592 6590
2 6593 6591
2 6594 6592
2 6595 6593
2 6596 6594
2 6597 6595
2 6598 6596
2 6599 6597
2 6600 6598
2 6601 6599
2 6602 6600
2 6603 6601
2 6604 6602
2 6605 6603
2 6606 6604
2 6607 6605
2 6608 6606
2 6609 6607
2 6610 6608
2 6611 6609
2 6612 6610
2 6613 6611
2 6614 6612
2 6615 6613
2 6616 6614
2 6617 6615
2 6618 6616
2 6619 6617
2 6620 6618
2 6621 6619
2 6622 6620
2 6623 6621
2 6624 6622
2 6625 6623
2 6626 6624
2 6627 6625
2 6628 6626
2 6629 6627
2 6630 6628
2 6631 6629
2 6632 6630
2 6633 6631
2 6634 6632
2 6635 6633
2 6636 6634
2 6637 6635
2 6638 6636
2 6639 6637
2 6640 6638
2 6641 6639
2 6642 6640
2 6643 6641
2 6644 6642
2 6645 6643
2 6646 6644
2 6647 6645
2 6648 6646
2 6649 6647
2 6650 6648
2 6651 6649
2 6652 6650
2 6653 6651
2 6654 6652
2 6655 6653
2 6656 6654
2 6657 6655
2 6658 6656
2 6659 6657
2 6660 6658
2 6661 6659
2 6662 6660
2 6663 6661
2 6664 6662
2 6665 6663
2 6666 6664
2 6667 6665
2 6668 6666
2 6669 6667
2 6670 6668
2 6671 6669
2 6672 6670
2 6673 6671
2 6674 6672
2 6675 6673
2 6676 6674
2 6677 6675
2 6678 6676
2 6679 6677
2 6680 6678
2 6681 6679
2 6682 6680
2 6683 6681
2 6684 6682
2 6685 6683
2 6686 6684
2 6687 6685
2 6688 6686
2 6689 6687
2 6690 6688
2 6691 6689
2 6692 6690
2 6693 6691
2 6694 6692
2 6695 6693
2 6696 6694
2 6697 6695
2 6698 6696
2 6699 6697
2 6700 6698
2 6701 6699
2 6702 6700
2 6703 6701
2 6704 6702
2 6705 6703
2 6706 6704
2 6707 6705
2 6708 6706
2 6709 6707
2 6710 6708
2 6711 6709
2 6712 6710
2 6713 6711
2 6714 6712
2 6715 6713
2 6716 6714
2 6717 6715
2 6718 6716
2 6719 6717
2 6720 6718
2 6721 6719
2 6722 6720
2 6723 6721
2 6724 6722
2 6725 6723
2 6726 6724
2 6727 6725
2 6728 6726
2 6729 6727
2 6730 6728
2 6731 6729
2 6732 6730
2 6733 6731
2 6734 6732
2 6735 6733
2 6736 6734
2 6737 6735
2 6738 6736
2 6739 6737
2 6740 6738
2 6741 6739
2 6742 6740
2 6743 6741
2 6744 6742
2 6745 6743
2 6746 6744
2 6747 6745
2 6748 6746
2 6749 6747
2 6750 6748
2 6751 6749
2 6752 6750
2 6753 6751
2 6754 6752
2 6755 6753
2 6756 6754
2 6757 6755
2 6758 6756
2 6759 6757
2 6760 6758
2 6761 6759
2 6762 6760
2 6763 6761
2 6764 6762
2 6765 6763
2 6766 6764
2 6767 6765
2 6768 6766
2 6769 6767
2 6770 6768
2 6771 6769
2 6772 6770
2 6773 6771
2 6774 6772
2 6775 6773
2 6776 6774
2 6777 6775
2 6778 6776
2 6779 6777
2 6780 6778
2 6781 6779
2 6782 6780
2 6783 6781
2 6784 6782
2 6785 6783
2 6786 6784
2 6787 6785
2 6788 6786
2 6789 6787
2 6790 6788
2 6791 6789
2 6792 6790
2 6793 6791
2 6794 6792
2 6795 6793
2 6796 6794
2 6797 6795
2 6798 6796
2 6799 6797
2 6800 6798
2 6801 6799
2 6802 6800
2 6803 6801
2 6804 6802
2 6805 6803
2 6806 6804
2 6807 6805
2 6808 6806
2 6809 6807
2 6810 6808
2 6811 6809
2 6812 6810
2 6813 6811
2 6814 6812
2 6815 6813
2 6816 6814
2 6817 6815
2 6818 6816
2 6819 6817
2 6820 6818
2 6821 6819
2 6822 6820
2 6823 6821
2 6824 6822
2 6825 6823
2 6826 6824
2 6827 6825
2 6828 6826
2 6829 6827
2 6830 6828
2 6831 6829
2 6832 6830
2 6833 6831
2 6834 6832
2 6835 6833
2 6836 6834
2 6837 6835
2 6838 6836
2 6839 6837
2 6840 6838
2 6841 6839
2 6842 6840
2 6843 6841
2 6844 6842
2 6845 6843
2 6846 6844
2 6847 6845
2 6848 6846
2 6849 6847
2 6850 6848
2 6851 6849
2 6852 6850
2 6853 6851
2 6854 6852
2 6855 6853
2 6856 6854
2 6857 6855
2 6858 6856
2 6859 6857
2 6860 6858
2 6861 6859
2 6862 6860
2 6863 6861
2 6864 6862
2 6865 6863
2 6866 6864
2 6867 6865
2 6868 6866
2 6869 6867
2 6870 6868
2 6871 6869
2 6872 6870
2 6873 6871
2 6874 6872
2 6875 6873
2 6876 6874
2 6877 6875
2 6878 6876
2 6879 6877
2 6880 6878
2 6881 6879
2 6882 6880
2 6883 6881
2 6884 6882
2 6885 6883
2 6886 6884
2 6887 6885
2 6888 6886
2 6889 6887
2 6890 6888
2 6891 6889
2 6892 6890
2 6893 6891
2 6894 6892
2 6895 6893
2 6896 6894
2 6897 6895
2 6898 6896
2 6899 6897
2 6900 6898
2 6901 6899
2 6902 6900
2 6903 6901
2 6904 6902
2 6905 6903
2 6906 6904
2 6907 6905
2 6908 6906
2 6909 6907
2 6910 6908
2 6911 6909
2 6912 6910
2 6913 6911
2 6914 6912
2 6915 6913
2 6916 6914
2 6917 6915
2 6918 6916
2 6919 6917
2 6920 6918
2 6921 6919
2 6922 6920
2 6923 6921
2 6924 6922
2 6925 6923
2 6926 6924
2 6927 6925
2 6928 6926
2 6929 6927
2 6930 6928
2 6931 6929
2 6932 6930
2 6933 6931
2 6934 6932
2 6935 6933
2 6936 6934
2 6937 6935
2 6938 6936
2 6939 6937
2 6940 6938
2 6941 6939
2 6942 6940
2 6943 6941
2 6944 6942
2 6945 6943
2 6946 6944
2 6947 6945
2 6948 6946
2 6949 6947
2 6950 6948
2 6951 6949
2 6952 6950
2 6953 6951
2 6954 6952
2 6955 6953
2 6956 6954
2 6957 6955
2 6958 6956
2 6959 6957
2 6960 6958
2 6961 6959
2 6962 6960
2 6963 6961
2 6964 6962
2 6965 6963
2 6966 6964
2 6967 6965
2 6968 6966
2 6969 6967
2 6970 6968
2 6971 6969
2 6972 6970
2 6973 6971
2 6974 6972
2 6975 6973
2 6976 6974
2 6977 6975
2 6978 6976
2 6979 6977
2 6980 6978
2 6981 6979
2 6982 6980
2 6983 6981
2 6984 6982
2 6985 6983
2 6986 6984
2 6987 6985
2 6988 6986
2 6989 6987
2 6990 6988
2 6991 6989
2 6992 6990
2 6993 6991
2 6994 6992
2 6995 6993
2 6996 6994
2 6997 6995
2 6998 6996
2 6999 6997
2 7000 6998
2 7001 6999
2 7002 7000
2 7003 7001
2 7004 7002
2 7005 7003
2 7006 7004
2 7007 7005
2 7008 7006
2 7009 7007
2 7010 7008
2 7011 7009
2 7012 7010
2 7013 7011
2 7014 7012
2 7015 7013
2 7016 7014
2 7017 7015
2 7018 7016
2 7019 7017
2 7020 7018
2 7021 7019
2 7022 7020
2 7023 7021
2 7024 7022
2 7025 7023
2 7026 7024
2 7027 7025
2 7028 7026
2 7029 7027
2 7030 7028
2 7031 7029
2 7032 7030
2 7033 7031
2 7034 7032
2 7035 7033
2 7036 7034
2 7037 7035
2 7038 7036
2 7039 7037
2 7040 7038
2 7041 7039
2 7042 7040
2 7043 7041
2 7044 7042
2 7045 7043
2 7046 7044
2 7047 7045
2 7048 7046
2 7049 7047
2 7050 7048
2 7051 7049
2 7052 7050
2 7053 7051
2 7054 7052
2 7055 7053
2 7056 7054
2 7057 7055
2 7058 7056
2 7059 7057
2 7060 7058
2 7061 7059
2 7062 7060
2 7063 7061
2 7064 7062
2 7065 7063
2 7066 7064
2 7067 7065
2 7068 7066
2 7069 7067
2 7070 7068
2 7071 7069
2 7072 7070
2 7073 7071
2 7074 7072
2 7075 7073
2 7076 7074
2 7077 7075
2 7078 7076
2 7079 7077
2 7080 7078
2 7081 7079
2 7082 7080
2 7083 7081
2 7084 7082
2 7085 7083
2 7086 7084
2 7087 7085
2 7088 7086
2 7089 7087
2 7090 7088
2 7091 7089
2 7092 7090
2 7093 7091
2 7094 7092
2 7095 7093
2 7096 7094
2 7097 7095
2 7098 7096
2 7099 7097
2 7100 7098
2 7101 7099
2 7102 7100
2 7103 7101
2 7104 7102
2 7105 7103
2 7106 7104
2 7107 7105
2 7108 7106
2 7109 7107
2 7110 7108
2 7111 7109
2 7112 7110
2 7113 7111
2 7114 7112
2 7115 7113
2 7116 7114
2 7117 7115
2 7118 7116
2 7119 7117
2 7120 7118
2 7121 7119
2 7122 7120
2 7123 7121
2 7124 7122
2 7125 7123
2 7126 7124
2 7127 7125
2 7128 7126
2 7129 7127
2 7130 7128
2 7131 7129
2 7132 7130
2 7133 7131
2 7134 7132
2 7135 7133
2 7136 7134
2 7137 7135
2 7138 7136
2 7139 7137
2 7140 7138
2 7141 7139
2 7142 7140
2 7143 7141
2 7144 7142
2 7145 7143
2 7146 7144
2 7147 7145
2 7148 7146
2 7149 7147
2 7150 7148
2 7151 7149
2 7152 7150
2 7153 7151
2 7154 7152
2 7155 7153
2 7156 7154
2 7157 7155
2 7158 7156
2 7159 7157
2 7160 7158
2 7161 7159
2 7162 7160
2 7163 7161
2 7164 7162
2 7165 7163
2 7166 7164
2 7167 7165
2 7168 7166
2 7169 7167
2 7170 7168
2 7171 7169
2 7172 7170
2 7173 7171
2 7174 7172
2 7175 7173
2 7176 7174
2 7177 7175
2 7178 7176
2 7179 7177
2 7180 7178
2 7181 7179
2 7182 7180
2 7183 7181
2 7184 7182
2 7185 7183
2 7186 7184
2 7187 7185
2 7188 7186
2 7189 7187
2 7190 7188
2 7191 7189
2 7192 7190
2 7193 7191
2 7194 7192
2 7195 7193
2 7196 7194
2 7197 7195
2 7198 7196
2 7199 7197
2 7200 7198
2 7201 7199
2 7202 7200
2 7203 7201
2 7204 7202
2 7205 7203
2 7206 7204
2 7207 7205
2 7208 7206
2 7209 7207
2 7210 7208
2 7211 7209
2 7212 7210
2 7213 7211
2 7214 7212
2 7215 7213
2 7216 7214
2 7217 7215
2 7218 7216
2 7219 7217
2 7220 7218
2 7221 7219
2 7222 7220
2 7223 7221
2 7224 7222
2 7225 7223
2 7226 7224
2 7227 7225
2 7228 7226
2 7229 7227
2 7230 7228
2 7231 7229
2 7232 7230
2 7233 7231
2 7234 7232
2 7235 7233
2 7236 7234
2 7237 7235
2 7238 7236
2 7239 7237
2 7240 7238
2 7241 7239
2 7242 7240
2 7243 7241
2 7244 7242
2 7245 7243
2 7246 7244
2 7247 7245
2 7248 7246
2 7249 7247
2 7250 7248
2 7251 7249
2 7252 7250
2 7253 7251
2 7254 7252
2 7255 7253
2 7256 7254
2 7257 7255
2 7258 7256
2 7259 7257
2 7260 7258
2 7261 7259
2 7262 7260
2 7263 7261
2 7264 7262
2 7265 7263
2 7266 7264
2 7267 7265
2 7268 7266
2 7269 7267
2 7270 7268
2 7271 7269
2 7272 7270
2 7273 7271
2 7274 7272
2 7275 7273
2 7276 7274
2 7277 7275
2 7278 7276
2 7279 7277
2 7280 7278
2 7281 7279
2 7282 7280
2 7283 7281
2 7284 7282
2 7285 7283
2 7286 7284
2 7287 7285
2 7288 7286
2 7289 7287
2 7290 7288
2 7291 7289
2 7292 7290
2 7293 7291
2 7294 7292
2 7295 7293
2 7296 7294
2 7297 7295
2 7298 7296
2 7299 7297
2 7300 7298
2 7301 7299
2 7302 7300
2 7303 7301
2 7304 7302
2 7305 7303
2 7306 7304
2 7307 7305
2 7308 7306
2 7309 7307
2 7310 7308
2 7311 7309
2 7312 7310
2 7313 7311
2 7314 7312
2 7315 7313
2 7316 7314
2 7317 7315
2 7318 7316
2 7319 7317
2 7320 7318
2 7321 7319
2 7322 7320
2 7323 7321
2 7324 7322
2 7325 7323
2 7326 7324
2 7327 7325
2 7328 7326
2 7329 7327
2 7330 7328
2 7331 7329
2 7332 7330
2 7333 7331
2 7334 7332
2 7335 7333
2 7336 7334
2 7337 7335
2 7338 7336
2 7339 7337
2 7340 7338
2 7341 7339
2 7342 7340
2 7343 7341
2 7344 7342
2 7345 7343
2 7346 7344
2 7347 7345
2 7348 7346
2 7349 7347
2 7350 7348
2 7351 7349
2 7352 7350
2 7353 7351
2 7354 7352
2 7355 7353
2 7356 7354
2 7357 7355
2 7358 7356
2 7359 7357
2 7360 7358
2 7361 7359
2 7362 7360
2 7363 7361
2 7364 7362
2 7365 7363
2 7366 7364
2 7367 7365
2 7368 7366
2 7369 7367
2 7370 7368
2 7371 7369
2 7372 7370
2 7373 7371
2 7374 7372
2 7375 7373
2 7376 7374
2 7377 7375
2 7378 7376
2 7379 7377
2 7380 7378
2 7381 7379
2 7382 7380
2 7383 7381
2 7384 7382
2 7385 7383
2 7386 7384
2 7387 7385
2 7388 7386
2 7389 7387
2 7390 7388
2 7391 7389
2 7392 7390
2 7393 7391
2 7394 7392
2 7395 7393
2 7396 7394
2 7397 7395
2 7398 7396
2 7399 7397
2 7400 7398
2 7401 7399
2 7402 7400
2 7403 7401
2 7404 7402
2 7405 7403
2 7406 7404
2 7407 7405
2 7408 7406
2 7409 7407
2 7410 7408
2 7411 7409
2 7412 7410
2 7413 7411
2 7414 7412
2 7415 7413
2 7416 7414
2 7417 7415
2 7418 7416
2 7419 7417
2 7420 7418
2 7421 7419
2 7422 7420
2 7423 7421
2 7424 7422
2 7425 7423
2 7426 7424
2 7427 7425
2 7428 7426
2 7429 7427
2 7430 7428
2 7431 7429
2 7432 7430
2 7433 7431
2 7434 7432
2 7435 7433
2 7436 7434
2 7437 7435
2 7438 7436
2 7439 7437
2 7440 7438
2 7441 7439
2 7442 7440
2 7443 7441
2 7444 7442
2 7445 7443
2 7446 7444
2 7447 7445
2 7448 7446
2 7449 7447
2 7450 7448
2 7451 7449
2 7452 7450
2 7453 7451
2 7454 7452
2 7455 7453
2 7456 7454
2 7457 7455
2 7458 7456
2 7459 7457
2 7460 7458
2 7461 7459
2 7462 7460
2 7463 7461
2 7464 7462
2 7465 7463
2 7466 7464
2 7467 7465
2 7468 7466
2 7469 7467
2 7470 7468
2 7471 7469
2 7472 7470
2 7473 7471
2 7474 7472
2 7475 7473
2 7476 7474
2 7477 7475
2 7478 7476
2 7479 7477
2 7480 7478
2 7481 7479
2 7482 7480
2 7483 7481
2 7484 7482
2 7485 7483
2 7486 7484
2 7487 7485
2 7488 7486
2 7489 7487
2 7490 7488
2 7491 7489
2 7492 7490
2 7493 7491
2 7494 7492
2 7495 7493
2 7496 7494
2 7497 7495
2 7498 7496
2 7499 7497
2 7500 7498
2 7501 7499
2 7502 7500
2 7503 7501
2 7504 7502
2 7505 7503
2 7506 7504
2 7507 7505
2 7508 7506
2 7509 7507
2 7510 7508
2 7511 7509
2 7512 7510
2 7513 7511
2 7514 7512
2 7515 7513
2 7516 7514
2 7517 7515
2 7518 7516
2 7519 7517
2 7520 7518
2 7521 7519
2 7522 7520
2 7523 7521
2 7524 7522
2 7525 7523
2 7526 7524
2 7527 7525
2 7528 7526
2 7529 7527
2 7530 7528
2 7531 7529
2 7532 7530
2 7533 7531
2 7534 7532
2 7535 7533
2 7536 7534
2 7537 7535
2 7538 7536
2 7539 7537
2 7540 7538
2 7541 7539
2 7542 7540
2 7543 7541
2 7544 7542
2 7545 7543
2 7546 7544
2 7547 7545
2 7548 7546
2 7549 7547
2 7550 7548
2 7551 7549
2 7552 7550
2 7553 7551
2 7554 7552
2 7555 7553
2 7556 7554
2 7557 7555
2 7558 7556
2 7559 7557
2 7560 7558
2 7561 7559
2 7562 7560
2 7563 7561
2 7564 7562
2 7565 7563
2 7566 7564
2 7567 7565
2 7568 7566
2 7569 7567
2 7570 7568
2 7571 7569
2 7572 7570
2 7573 7571
2 7574 7572
2 7575 7573
2 7576 7574
2 7577 7575
2 7578 7576
2 7579 7577
2 7580 7578
2 7581 7579
2 7582 7580
2 7583 7581
2 7584 7582
2 7585 7583
2 7586 7584
2 7587 7585
2 7588 7586
2 7589 7587
2 7590 7588
2 7591 7589
2 7592 7590
2 7593 7591
2 7594 7592
2 7595 7593
2 7596 7594
2 7597 7595
2 7598 7596
2 7599 7597
2 7600 7598
2 7601 7599
2 7602 7600
2 7603 7601
2 7604 7602
2 7605 7603
2 7606 7604
2 7607 7605
2 7608 7606
2 7609 7607
2 7610 7608
2 7611 7609
2 7612 7610
2 7613 7611
2 7614 7612
2 7615 7613
2 7616 7614
2 7617 7615
2 7618 7616
2 7619 7617
2 7620 7618
2 7621 7619
2 7622 7620
2 7623 7621
2 7624 7622
2 7625 7623
2 7626 7624
2 7627 7625
2 7628 7626
2 7629 7627
2 7630 7628
2 7631 7629
2 7632 7630
2 7633 7631
2 7634 7632
2 7635 7633
2 7636 7634
2 7637 7635
2 7638 7636
2 7639 7637
2 7640 7638
2 7641 7639
2 7642 7640
2 7643 7641
2 7644 7642
2 7645 7643
2 7646 7644
2 7647 7645
2 7648 7646
2 7649 7647
2 7650 7648
2 7651 7649
2 7652 7650
2 7653 7651
2 7654 7652
2 7655 7653
2 7656 7654
2 7657 7655
2 7658 7656
2 7659 7657
2 7660 7658
2 7661 7659
2 7662 7660
2 7663 7661
2 7664 7662
2 7665 7663
2 7666 7664
2 7667 7665
2 7668 7666
2 7669 7667
2 7670 7668
2 7671 7669
2 7672 7670
2 7673 7671
2 7674 7672
2 7675 7673
2 7676 7674
2 7677 7675
2 7678 7676
2 7679 7677
2 7680 7678
2 7681 7679
2 7682 7680
2 7683 7681
2 7684 7682
2 7685 7683
2 7686 7684
2 7687 7685
2 7688 7686
2 7689 7687
2 7690 7688
2 7691 7689
2 7692 7690
2 7693 7691
2 7694 7692
2 7695 7693
2 7696 7694
2 7697 7695
2 7698 7696
2 7699 7697
2 7700 7698
2 7701 7699
2 7702 7700
2 7703 7701
2 7704 7702
2 7705 7703
2 7706 7704
2 7707 7705
2 7708 7706
2 7709 7707
2 7710 7708
2 7711 7709
2 7712 7710
2 7713 7711
2 7714 7712
2 7715 7713
2 7716 7714
2 7717 7715
2 7718 7716
2 7719 7717
2 7720 7718
2 7721 7719
2 7722 7720
2 7723 7721
2 7724 7722
2 7725 7723
2 7726 7724
2 7727 7725
2 7728 7726
2 7729 7727
2 7730 7728
2 7731 7729
2 7732 7730
2 7733 7731
2 7734 7732
2 7735 7733
2 7736 7734
2 7737 7735
2 7738 7736
2 7739 7737
2 7740 7738
2 7741 7739
2 7742 7740
2 7743 7741
2 7744 7742
2 7745 7743
2 7746 7744
2 7747 7745
2 7748 7746
2 7749 7747
2 7750 7748
2 7751 7749
2 7752 7750
2 7753 7751
2 7754 7752
2 7755 7753
2 7756 7754
2 7757 7755
2 7758 7756
2 7759 7757
2 7760 7758
2 7761 7759
2 7762 7760
2 7763 7761
2 7764 7762
2 7765 7763
2 7766 7764
2 7767 7765
2 7768 7766
2 7769 7767
2 7770 7768
2 7771 7769
2 7772 7770
2 7773 7771
2 7774 7772
2 7775 7773
2 7776 7774
2 7777 7775
2 7778 7776
2 7779 7777
2 7780 7778
2 7781 7779
2 7782 7780
2 7783 7781
2 7784 7782
2 7785 7783
2 7786 7784
2 7787 7785
2 7788 7786
2 7789 7787
2 7790 7788
2 7791 7789
2 7792 7790
2 7793 7791
2 7794 7792
2 7795 7793
2 7796 7794
2 7797 7795
2 7798 7796
2 7799 7797
2 7800 7798
2 7801 7799
2 7802 7800
2 7803 7801
2 7804 7802
2 7805 7803
2 7806 7804
2 7807 7805
2 7808 7806
2 7809 7807
2 7810 7808
2 7811 7809
2 7812 7810
2 7813 7811
2 7814 7812
2 7815 7813
2 7816 7814
2 7817 7815
2 7818 7816
2 7819 7817
2 7820 7818
2 7821 7819
2 7822 7820
2 7823 7821
2 7824 7822
2 7825 7823
2 7826 7824
2 7827 7825
2 7828 7826
2 7829 7827
2 7830 7828
2 7831 7829
2 7832 7830
2 7833 7831
2 7834 7832
2 7835 7833
2 7836 7834
2 7837 7835
2 7838 7836
2 7839 7837
2 7840 7838
2 7841 7839
2 7842 7840
2 7843 7841
2 7844 7842
2 7845 7843
2 7846 7844
2 7847 7845
2 7848 7846
2 7849 7847
2 7850 7848
2 7851 7849
2 7852 7850
2 7853 7851
2 7854 7852
2 7855 7853
2 7856 7854
2 7857 7855
2 7858 7856
2 7859 7857
2 7860 7858
2 7861 7859
2 7862 7860
2 7863 7861
2 7864 7862
2 7865 7863
2 7866 7864
2 7867 7865
2 7868 7866
2 7869 7867
2 7870 7868
2 7871 7869
2 7872 7870
2 7873 7871
2 7874 7872
2 7875 7873
2 7876 7874
2 7877 7875
2 7878 7876
2 7879 7877
2 7880 7878
2 7881 7879
2 7882 7880
2 7883 7881
2 7884 7882
2 7885 7883
2 7886 7884
2 7887 7885
2 7888 7886
2 7889 7887
2 7890 7888
2 7891 7889
2 7892 7890
2 7893 7891
2 7894 7892
2 7895 7893
2 7896 7894
2 7897 7895
2 7898 7896
2 7899 7897
2 7900 7898
2 7901 7899
2 7902 7900
2 7903 7901
2 7904 7902
2 7905 7903
2 7906 7904
2 7907 7905
2 7908 7906
2 7909 7907
2 7910 7908
2 7911 7909
2 7912 7910
2 7913 7911
2 7914 7912
2 7915 7913
2 7916 7914
2 7917 7915
2 7918 7916
2 7919 7917
2 7920 7918
2 7921 7919
2 7922 7920
2 7923 7921
2 7924 7922
2 7925 7923
2 7926 7924
2 7927 7925
2 7928 7926
2 7929 7927
2 7930 7928
2 7931 7929
2 7932 7930
2 7933 7931
2 7934 7932
2 7935 7933
2 7936 7934
2 7937 7935
2 7938 7936
2 7939 7937
2 7940 7938
2 7941 7939
2 7942 7940
2 7943 7941
2 7944 7942
2 7945 7943
2 7946 7944
2 7947 7945
2 7948 7946
2 7949 7947
2 7950 7948
2 7951 7949
2 7952 7950
2 7953 7951
2 7954 7952
2 7955 7953
2 7956 7954
2 7957 7955
2 7958 7956
2 7959 7957
2 7960 7958
2 7961 7959
2 7962 7960
2 7963 7961
2 7964 7962
2 7965 7963
2 7966 7964
2 7967 7965
2 7968 7966
2 7969 7967
2 7970 7968
2 7971 7969
2 7972 7970
2 7973 7971
2 7974 7972
2 7975 7973
2 7976 7974
2 7977 7975
2 7978 7976
2 7979 7977
2 7980 7978
2 7981 7979
2 7982 7980
2 7983 7981
2 7984 7982
2 7985 7983
2 7986 7984
2 7987 7985
2 7988 7986
2 7989 7987
2 7990 7988
2 7991 7989
2 7992 7990
2 7993 7991
2 7994 7992
2 7995 7993
2 7996 7994
2 7997 7995
2 7998 7996
2 7999 7997
1 7998
